1	1851
1	1964
2	1479
2	1762
3	158
3	1872
4	1092
4	1997
5	783
5	1878
6	690
6	1862
7	1770
7	1878
8	1924
8	1969
9	1796
9	1939
10	1875
10	1980
11	1843
11	1909
12	1967
12	1983
13	1241
13	1962
14	1191
14	1911
15	389
15	1955
16	1839
16	1951
17	1795
17	1800
18	1126
18	1943
19	1282
19	1971
20	1199
20	1657
21	1830
21	1924
22	1580
22	1832
23	1274
23	1850
24	1871
24	1919
25	1819
25	1986
26	1903
26	1969
27	1413
27	1581
28	1758
28	1948
29	740
29	1994
30	1842
30	2000
31	1871
31	1993
32	1906
32	1983
33	74
33	1983
34	862
34	1944
35	1897
35	1999
36	700
36	1869
37	67
37	1853
38	1755
38	1874
39	1382
39	1977
40	1373
40	1535
41	1624
41	1943
42	948
42	1859
43	987
43	1923
44	1257
44	1926
45	1690
45	1937
46	1782
46	1989
47	1076
47	1957
48	1720
48	1949
49	1738
49	1990
50	1797
50	1816
51	1850
51	1978
52	1705
52	1951
53	1929
53	1962
54	963
54	1985
55	1767
55	1981
56	1691
56	1692
57	1906
57	1967
58	1948
58	1952
59	509
59	1985
60	1984
60	1998
61	1448
61	1979
62	1575
62	1618
63	1236
63	1665
64	1517
64	1759
65	1730
65	1971
66	1694
66	1899
67	37
67	1895
68	1893
68	1914
69	1548
69	1859
70	1915
70	1997
71	1956
71	1984
72	1684
72	1841
73	286
73	1979
74	33
74	1983
75	1212
75	1754
76	850
76	1932
77	391
77	1694
78	1477
78	1984
79	755
79	1767
80	1888
80	1994
81	1988
81	1998
82	655
82	1986
83	1594
83	1726
84	1850
84	1959
85	403
85	1641
86	1872
86	1929
87	630
87	1720
88	1257
88	1740
89	1885
89	1957
90	850
90	1131
91	1738
91	1990
92	1833
92	1912
93	1314
93	1933
94	933
94	1959
95	1024
95	1986
96	1873
96	1918
97	1716
97	1940
98	1823
98	1987
99	1952
99	1986
100	1847
100	1891
101	1847
101	1961
102	1929
102	1995
103	527
103	1989
104	1118
104	1987
105	1663
105	1766
106	553
106	1952
107	1119
107	1926
108	1663
108	1766
109	1387
109	1993
110	1640
110	1852
111	1402
111	1805
112	946
112	1970
113	1715
113	1817
114	1949
114	1995
115	840
115	1936
116	1951
116	1982
117	1196
117	1751
118	1429
118	1950
119	1848
119	1921
120	1876
120	1989
121	1686
121	1809
122	192
122	1812
123	575
123	1737
124	1226
124	1892
125	1917
125	1994
126	1967
126	1983
127	903
127	1812
128	1794
128	1900
129	1604
129	1859
130	1557
130	1977
131	1602
131	1755
132	507
132	1868
133	1918
133	1989
134	1579
134	1645
135	1802
135	1999
136	1290
136	1675
137	1800
137	1989
138	1949
138	1995
139	1772
139	1893
140	675
140	1480
141	933
141	1905
142	1938
142	1965
143	688
143	1657
144	731
144	1498
145	857
145	1565
146	1883
146	1941
147	1829
147	1898
148	1938
148	1965
149	1343
149	1720
150	1706
150	1735
151	1823
151	1925
152	488
152	1870
153	1856
153	1995
154	1938
154	1965
155	853
155	1922
156	1673
156	1787
157	1427
157	1981
158	3
158	1906
159	1823
159	1972
160	884
160	1999
161	1841
161	1981
162	578
162	671
163	1069
163	1807
164	1778
164	1919
165	361
165	1538
166	1608
166	1923
167	1151
167	1927
168	860
168	1060
169	1594
169	1939
170	1686
170	1993
171	1688
171	1999
172	1455
172	1515
173	594
173	1873
174	367
174	1812
175	1717
175	1760
176	1525
176	1975
177	1272
177	1833
178	1499
178	1995
179	274
179	1908
180	1793
180	1861
181	1841
181	1972
182	606
182	1996
183	1949
183	1995
184	1713
184	1810
185	1854
185	1991
186	1598
186	1777
187	1310
187	1979
188	1679
188	1965
189	603
189	1483
190	1794
190	1900
191	1398
191	1941
192	122
192	1913
193	1865
193	1910
194	1952
194	1986
195	1434
195	1895
196	1757
196	1955
197	704
197	1406
198	1921
198	1992
199	1613
199	1927
200	659
200	1728
201	1912
201	1981
202	1896
202	1953
203	1975
203	1981
204	1773
204	1996
205	1406
205	1571
206	1786
206	1909
207	1609
207	1987
208	1896
208	1971
209	1809
209	1919
210	713
210	1852
211	1689
211	1899
212	615
212	1899
213	1895
213	1977
214	1731
214	1977
215	1915
215	1997
216	1596
216	1790
217	1129
217	1250
218	964
218	1412
219	1683
219	1970
220	358
220	1660
221	1917
221	1963
222	1878
222	1966
223	440
223	1881
224	1939
224	1989
225	394
225	1377
226	1653
226	1954
227	1880
227	1984
228	1750
228	1955
229	1260
229	1509
230	1144
230	1977
231	783
231	1806
232	1703
232	1926
233	1728
233	1953
234	1651
234	1784
235	1912
235	1975
236	563
236	1542
237	1635
237	1953
238	1000
238	1905
239	1958
239	1959
240	1980
240	1990
241	1670
241	1777
242	1888
242	1994
243	1901
243	1916
244	1647
244	1999
245	1867
245	1965
246	1856
246	1995
247	1716
247	1940
248	1928
248	1990
249	1879
249	1892
250	1627
250	1872
251	1890
251	1968
252	966
252	1777
253	1512
253	1646
254	1424
254	1883
255	1979
255	1982
256	311
256	586
257	459
257	1963
258	1541
258	1799
259	1895
259	1977
260	1664
260	1917
261	1837
261	1949
262	1454
262	2000
263	1817
263	1954
264	1860
264	1935
265	1958
265	1978
266	1473
266	1947
267	1325
267	1781
268	1938
268	1965
269	773
269	1935
270	322
270	1617
271	712
271	1979
272	1734
272	1930
273	477
273	512
274	179
274	1966
275	1436
275	1636
276	1071
276	1911
277	1337
277	1709
278	1925
278	1972
279	1361
279	1974
280	1529
280	1813
281	1583
281	1656
282	362
282	1984
283	1477
283	1634
284	1752
284	1957
285	1189
285	1780
286	73
286	1984
287	852
287	1627
288	1839
288	1982
289	1781
289	1812
290	1948
290	1986
291	1918
291	1964
292	768
292	1370
293	1943
293	1991
294	1448
294	1883
295	1928
295	1990
296	1580
296	1932
297	1462
297	1993
298	1877
298	1968
299	393
299	1797
300	1681
300	1998
301	1739
301	1809
302	1526
302	1915
303	1858
303	1913
304	756
304	1985
305	610
305	1931
306	1430
306	1696
307	1939
307	1940
308	1683
308	1755
309	1470
309	1600
310	1216
310	1359
311	256
311	1895
312	542
312	875
313	1586
313	2000
314	1925
314	1980
315	1548
315	1899
316	1896
316	1953
317	854
317	1837
318	787
318	1533
319	626
319	1675
320	641
320	727
321	1779
321	1897
322	270
322	1049
323	1596
323	1793
324	1794
324	1930
325	1695
325	1857
326	667
326	1599
327	1591
327	1736
328	1848
328	1992
329	1984
329	1998
330	1029
330	1710
331	1853
331	1989
332	917
332	1814
333	1497
333	1799
334	912
334	1052
335	1860
335	1973
336	1958
336	1959
337	1620
337	1720
338	1261
338	1383
339	1030
339	1592
340	1647
340	1962
341	1918
341	1961
342	394
342	1315
343	1681
343	1974
344	1882
344	1990
345	1716
345	1940
346	1942
346	1968
347	1358
347	1976
348	1435
348	1791
349	1332
349	1600
350	1875
350	1937
351	1247
351	1992
352	1849
352	1934
353	1320
353	1792
354	1325
354	1571
355	1633
355	1809
356	1929
356	1933
357	1756
357	1914
358	220
358	857
359	1938
359	1965
360	1605
360	1966
361	165
361	1866
362	282
362	1894
363	1230
363	1734
364	1783
364	1810
365	1830
365	1924
366	1568
366	1787
367	174
367	1656
368	1692
368	1836
369	1938
369	1965
370	1416
370	1923
371	1573
371	1846
372	1921
372	1940
373	1958
373	1978
374	1592
374	1919
375	1175
375	1307
376	980
376	1271
377	1761
377	1987
378	1372
378	1831
379	1530
379	1960
380	541
380	829
381	1907
381	1973
382	1692
382	1836
383	1085
383	1562
384	500
384	1960
385	1652
385	1801
386	1877
386	1942
387	1779
387	2000
388	864
388	1675
389	15
389	1699
390	1840
390	1916
391	77
391	993
392	1790
392	1887
393	299
393	1753
394	225
394	342
395	1679
395	1856
396	1875
396	1941
397	927
397	1571
398	539
398	1976
399	1265
399	1921
400	461
400	1972
401	1722
401	1735
402	1787
402	1834
403	85
403	1889
404	1718
404	1781
405	1961
405	1997
406	1779
406	1920
407	1323
407	1496
408	1455
408	1626
409	1271
409	1593
410	1325
410	1915
411	857
411	1483
412	1567
412	1844
413	1768
413	1817
414	1647
414	1861
415	1587
415	1858
416	1775
416	1909
417	1593
417	1945
418	1900
418	1930
419	1469
419	1970
420	1943
420	1991
421	1089
421	1228
422	1670
422	1884
423	1856
423	1949
424	1913
424	1971
425	1769
425	1891
426	1861
426	1987
427	1577
427	1853
428	1548
428	1791
429	1874
429	1970
430	1875
430	1937
431	1178
431	1926
432	1834
432	1945
433	1695
433	1981
434	1759
434	1857
435	1920
435	2000
436	702
436	1783
437	1897
437	1999
438	1300
438	1649
439	1744
439	1817
440	223
440	1560
441	1873
441	1964
442	915
442	1417
443	1912
443	1931
444	1729
444	1945
445	1924
445	1976
446	1894
446	1998
447	657
447	953
448	957
448	1095
449	1263
449	1852
450	1249
450	1999
451	1947
451	1960
452	1208
452	1985
453	1544
453	1958
454	1923
454	1967
455	892
455	1936
456	1347
456	1803
457	1911
457	1949
458	1400
458	1517
459	257
459	1963
460	1967
460	1983
461	400
461	1986
462	815
462	885
463	747
463	1931
464	1763
464	1858
465	1706
465	1801
466	1828
466	1989
467	1190
467	1280
468	1215
468	1927
469	1927
469	1932
470	1670
470	1805
471	635
471	735
472	1616
472	1808
473	1938
473	1965
474	1910
474	1959
475	607
475	1900
476	1956
476	1974
477	273
477	1656
478	1757
478	1955
479	1978
479	1996
480	1099
480	1514
481	1911
481	1995
482	1577
482	1853
483	1738
483	1928
484	1568
484	1846
485	1342
485	1983
486	560
486	1629
487	1880
487	1988
488	152
488	1714
489	1349
489	1686
490	1708
490	1754
491	1874
491	1962
492	1143
492	1958
493	1973
493	1995
494	1854
494	1991
495	1644
495	1819
496	1964
496	1982
497	1223
497	1719
498	1617
498	1759
499	1655
499	1839
500	384
500	1947
501	1281
501	1797
502	1254
502	1918
503	1431
503	1876
504	1925
504	1972
505	715
505	1991
506	888
506	1732
507	132
507	1813
508	635
508	1980
509	59
509	1985
510	1925
510	1972
511	576
511	1205
512	273
512	1837
513	1845
513	1997
514	1775
514	1843
515	1021
515	1828
516	1016
516	1966
517	1400
517	1761
518	1758
518	1948
519	1826
519	1954
520	1692
520	1836
521	1580
521	1950
522	1395
522	1980
523	1304
523	1690
524	1809
524	1993
525	683
525	1820
526	1470
526	1709
527	103
527	1876
528	1871
528	1993
529	1969
529	1976
530	1684
530	1999
531	798
531	1881
532	1760
532	1885
533	1906
533	1967
534	569
534	1196
535	1893
535	1914
536	1882
536	1990
537	764
537	878
538	1918
538	1964
539	398
539	1985
540	1895
540	1977
541	380
541	1904
542	312
542	764
543	1545
543	1977
544	1938
544	1965
545	607
545	1065
546	1222
546	1979
547	1900
547	1930
548	1874
548	1944
549	1727
549	1914
550	1680
550	1969
551	1086
551	1099
552	1939
552	1989
553	106
553	1855
554	1393
554	1909
555	1408
555	1972
556	1470
556	1600
557	1782
557	2000
558	1889
558	1942
559	1873
559	1918
560	486
560	1987
561	1617
561	1857
562	1806
562	1908
563	236
563	1992
564	1906
564	1990
565	1358
565	1579
566	1874
566	1886
567	1847
567	1997
568	870
568	1892
569	534
569	1889
570	1969
570	1976
571	1979
571	1982
572	651
572	719
573	1797
573	1898
574	1929
574	1962
575	123
575	1458
576	511
576	1999
577	1911
577	1995
578	162
578	1980
579	1757
579	1955
580	809
580	1551
581	1473
581	1583
582	1253
582	1888
583	1947
583	1983
584	1341
584	1917
585	614
585	1888
586	256
586	1696
587	1903
587	1976
588	1269
588	1753
589	1749
589	1829
590	1719
590	1878
591	1933
591	1962
592	1333
592	1820
593	916
593	1928
594	173
594	1964
595	1576
595	1946
596	1646
596	1812
597	1626
597	1836
598	1984
598	1988
599	1979
599	1982
600	1145
600	1688
601	1628
601	1841
602	950
602	1950
603	189
603	1465
604	1203
604	1970
605	629
605	1940
606	182
606	1723
607	475
607	545
608	1888
608	1917
609	1161
609	1504
610	305
610	1931
611	1750
611	1955
612	1818
612	1981
613	1287
613	1814
614	585
614	1888
615	212
615	1780
616	1598
616	1805
617	1131
617	1552
618	1949
618	1995
619	1900
619	1930
620	1284
620	1620
621	1642
621	1690
622	1523
622	1885
623	1565
623	1852
624	1821
624	1966
625	1572
625	1899
626	319
626	1685
627	1851
627	1964
628	1592
628	1993
629	605
629	1662
630	87
630	1720
631	1853
631	1977
632	1386
632	1994
633	1353
633	1600
634	1268
634	1913
635	471
635	508
636	1344
636	1691
637	1801
637	1999
638	1942
638	1968
639	1824
639	1839
640	1602
640	1944
641	320
641	687
642	666
642	1477
643	1576
643	1866
644	1579
644	1960
645	1416
645	1909
646	1726
646	1939
647	1586
647	1947
648	1930
648	1968
649	1876
649	1928
650	681
650	1846
651	572
651	1863
652	834
652	1319
653	1739
653	1993
654	949
654	1868
655	82
655	790
656	1942
656	1968
657	447
657	1793
658	1903
658	1924
659	200
659	1991
660	1896
660	1953
661	1524
661	1979
662	1034
662	1735
663	1789
663	1796
664	1710
664	1985
665	1587
665	1816
666	642
666	1954
667	326
667	1788
668	1609
668	1987
669	1430
669	1622
670	1852
670	1890
671	162
671	1257
672	1883
672	1990
673	1664
673	1989
674	1732
674	1994
675	140
675	1763
676	1826
676	1954
677	839
677	1972
678	1471
678	1622
679	1875
679	1937
680	1379
680	1993
681	650
681	1632
682	1744
682	1954
683	525
683	1970
684	1806
684	1966
685	1365
685	1985
686	1662
686	1991
687	641
687	1857
688	143
688	1985
689	1879
689	1988
690	6
690	1990
691	1915
691	1997
692	1947
692	1960
693	1877
693	1890
694	1607
694	1787
695	1920
695	2000
696	1650
696	1983
697	1938
697	1965
698	1301
698	1953
699	1550
699	1987
700	36
700	1948
701	1419
701	1985
702	436
702	1919
703	1693
703	1870
704	197
704	1812
705	1924
705	1976
706	1803
706	1900
707	1646
707	1991
708	1671
708	1838
709	1487
709	1872
710	1764
710	1948
711	1906
711	1967
712	271
712	1917
713	210
713	1640
714	1873
714	1918
715	505
715	1701
716	1181
716	1727
717	895
717	1980
718	928
718	1999
719	572
719	1976
720	1893
720	1914
721	1910
721	1978
722	1906
722	1983
723	1321
723	1964
724	1171
724	1881
725	848
725	919
726	1806
726	1922
727	320
727	1903
728	1889
728	1964
729	1683
729	1947
730	1885
730	1957
731	144
731	1829
732	1516
732	1668
733	830
733	1994
734	1401
734	1523
735	471
735	1661
736	1745
736	1855
737	997
737	1930
738	1746
738	1958
739	1741
739	1949
740	29
740	1766
741	1887
741	1991
742	1633
742	1964
743	1074
743	1659
744	1939
744	1989
745	1885
745	1957
746	831
746	1885
747	463
747	1286
748	1746
748	1930
749	882
749	1960
750	1596
750	1974
751	1767
751	1888
752	1329
752	1538
753	1841
753	1975
754	1320
754	1709
755	79
755	1166
756	304
756	1047
757	1727
757	1914
758	1232
758	1872
759	1799
759	1963
760	1606
760	1834
761	1759
761	1857
762	1907
762	1996
763	1080
763	1925
764	537
764	542
765	1794
765	1989
766	1697
766	1994
767	1213
767	1820
768	292
768	1935
769	1151
769	1950
770	1544
770	1970
771	1974
771	1984
772	1938
772	1965
773	269
773	1926
774	1911
774	1995
775	972
775	1644
776	1900
776	1930
777	1601
777	1720
778	1700
778	1994
779	1917
779	1963
780	1878
780	1966
781	1719
781	1908
782	1471
782	1980
783	5
783	231
784	1441
784	1847
785	1549
785	1932
786	1758
786	1986
787	318
787	1699
788	1856
788	1949
789	1834
789	1927
790	655
790	1982
791	885
791	1929
792	1287
792	1935
793	1860
793	1990
794	1140
794	1980
795	1075
795	1382
796	1947
796	1960
797	876
797	1285
798	531
798	1989
799	1942
799	1968
800	1892
800	1970
801	1308
801	1977
802	1910
802	1958
803	1404
803	1916
804	1331
804	1477
805	1179
805	1963
806	1774
806	1978
807	1900
807	1930
808	1863
808	1977
809	580
809	1853
810	1925
810	1972
811	1500
811	1667
812	1943
812	1991
813	1702
813	1833
814	1832
814	1945
815	462
815	1634
816	1528
816	1806
817	1882
817	1883
817	1928
818	1705
818	1951
818	1974
819	1721
819	1925
819	1980
820	1711
820	1969
820	1976
821	1623
821	1653
821	1826
822	1849
822	1931
822	1996
823	1891
823	1940
823	1992
824	1094
824	1800
824	1828
825	1830
825	1903
825	1969
826	1666
826	1722
826	1997
827	1464
827	1920
827	2000
828	1832
828	1925
828	1980
829	380
829	988
829	1591
830	733
830	1987
830	1994
831	746
831	1752
831	1760
832	1906
832	1967
832	1983
833	955
833	1795
833	1921
834	652
834	1230
834	1999
835	1413
835	1922
835	1945
836	1220
836	1953
836	1971
837	1774
837	1910
837	1959
838	1110
838	1798
838	1963
839	677
839	1180
839	1367
840	115
840	1118
840	1861
841	1877
841	1968
841	1975
842	1062
842	1579
842	1960
843	1869
843	1969
843	1976
844	1772
844	1893
844	1914
845	1232
845	1872
845	1989
846	1314
846	1854
846	1999
847	1413
847	1631
847	1932
848	725
848	1671
848	1718
849	1851
849	1873
849	1964
850	76
850	90
850	1994
851	1707
851	1937
851	1941
852	287
852	1859
852	1899
853	155
853	1932
853	1945
854	317
854	1679
854	1911
855	1282
855	1953
855	1971
856	931
856	1496
856	1657
857	145
857	358
857	411
858	1098
858	1771
858	1815
859	1753
859	1948
859	1986
860	168
860	1181
860	1957
861	1374
861	1750
861	1955
862	34
862	1037
862	1970
863	1729
863	1932
863	1945
864	388
864	1750
864	1943
865	1779
865	1920
865	2000
866	1390
866	1851
866	1918
867	1080
867	1360
867	1985
868	1683
868	1944
868	1970
869	1493
869	1819
869	1963
870	568
870	1544
870	1944
871	1099
871	1883
871	1928
872	1637
872	1850
872	1978
873	1865
873	1879
873	1988
874	1741
874	1837
874	1995
875	312
875	1508
875	1714
876	797
876	1703
876	1740
877	1801
877	1802
877	1897
878	537
878	1658
878	1693
879	1219
879	1594
879	1796
880	1338
880	1811
880	1891
881	1832
881	1925
881	1980
882	749
882	1043
882	1960
883	1307
883	1694
883	1899
884	160
884	1590
884	1897
885	462
885	791
885	964
886	1756
886	1893
886	1914
887	1763
887	1765
887	1902
888	506
888	1398
888	1827
889	1312
889	1341
889	1791
890	1427
890	1525
890	1833
891	1095
891	1813
891	1820
892	455
892	1770
892	1966
893	1733
893	1933
893	1962
894	1265
894	1904
894	1992
895	717
895	1328
895	1980
896	1461
896	1973
896	1996
897	1059
897	1958
897	1978
898	1618
898	1699
898	1966
899	1228
899	1229
899	1645
900	1834
900	1922
900	1945
901	984
901	1774
901	1978
902	1764
902	1948
902	1952
903	127
903	1571
903	1812
904	1633
904	1919
904	1993
905	1417
905	1425
905	1575
906	1492
906	1750
906	1762
907	1476
907	1842
907	1848
908	1946
908	1956
908	1998
909	1392
909	1967
909	1992
910	1731
910	1863
910	1895
911	1824
911	1924
911	1982
912	334
912	1629
912	1987
913	1790
913	1901
913	1916
914	1956
914	1988
914	1998
915	442
915	1226
915	1581
916	593
916	1860
916	1990
917	332
917	1719
917	1806
918	1446
918	1674
918	1919
919	725
919	1613
919	1932
920	1065
920	1323
920	1985
921	1867
921	1938
921	1965
922	1687
922	1886
922	1970
923	1922
923	1927
923	1961
924	979
924	1455
924	1651
925	1654
925	1919
925	1993
926	1896
926	1902
926	1953
927	397
927	1074
927	1781
928	718
928	1684
928	1897
929	1740
929	1935
929	1999
930	1111
930	1137
930	1781
931	856
931	973
931	1985
932	1386
932	1838
932	1945
933	94
933	141
933	1576
934	1672
934	1890
934	1968
935	1813
935	1936
935	1946
936	1704
936	1784
936	1909
937	1142
937	1801
937	1802
938	1262
938	1769
938	1915
939	1189
939	1639
939	1898
940	1210
940	1778
940	1919
941	1123
941	1848
941	1992
942	1630
942	1837
942	1995
943	1001
943	1575
943	1622
944	1923
944	1967
944	1983
945	1624
945	1943
945	1991
946	112
946	1671
946	1935
947	1923
947	1929
947	1933
948	42
948	1694
948	1859
949	654
949	1588
949	1866
950	602
950	1588
950	1631
951	1324
951	1937
951	1941
952	1163
952	1181
952	1885
953	447
953	1875
953	1941
954	1238
954	1948
954	1986
955	833
955	1788
955	1825
956	1730
956	1869
956	1913
957	448
957	1868
957	1946
958	1142
958	1590
958	1999
959	1422
959	1632
959	1846
960	1398
960	1937
960	1941
961	1529
961	1936
961	1946
962	1063
962	1874
962	1970
963	54
963	1331
963	1985
964	218
964	885
964	983
965	1344
965	1542
965	1691
966	252
966	1674
966	1993
967	1522
967	1545
967	1853
968	1791
968	1808
968	1917
969	1687
969	1958
969	1959
970	1889
970	1890
970	1968
971	1795
971	1921
971	1992
972	775
972	1102
972	1884
973	931
973	1047
973	1562
974	1785
974	1933
974	1962
975	1893
975	1914
975	1937
976	1789
976	1828
976	1881
977	1186
977	1209
977	1762
978	1312
978	1689
978	1899
979	924
979	1515
979	1691
980	376
980	1402
980	1884
981	1167
981	1717
981	1957
982	1004
982	1670
982	1777
983	964
983	1347
983	1573
984	901
984	1273
984	1858
985	1516
985	1667
985	1668
986	1841
986	1898
986	1981
987	43
987	1967
987	1983
988	829
988	1667
988	1874
989	1728
989	1762
989	1852
990	1368
990	1462
990	1719
991	1815
991	1948
991	1952
992	1323
992	1772
992	1985
993	391
993	1572
993	1859
994	1602
994	1886
994	1892
995	1249
995	1375
995	1999
996	1662
996	1811
996	1891
997	737
997	1042
997	1781
998	1756
998	1893
998	1914
999	1109
999	1947
999	1960
1000	238
1000	1915
1000	1997
1001	943
1001	1425
1001	1699
1002	1026
1002	1716
1002	1940
1003	1811
1003	1891
1003	1940
1004	982
1004	1009
1004	1644
1005	1413
1005	1932
1005	1945
1006	1445
1006	1456
1006	1825
1007	1786
1007	1843
1007	1868
1008	1603
1008	1804
1008	2000
1009	1004
1009	1644
1009	1884
1010	1860
1010	1882
1010	1990
1011	1739
1011	1774
1011	1910
1012	1833
1012	1863
1012	1895
1013	1746
1013	1900
1013	1930
1014	1232
1014	1723
1014	1872
1015	1609
1015	1647
1015	1999
1016	516
1016	1368
1016	1821
1017	1794
1017	1900
1017	1930
1018	1518
1018	1743
1018	1916
1019	1507
1019	1821
1019	1966
1020	1774
1020	1850
1020	1959
1021	515
1021	1789
1021	1808
1022	1363
1022	1713
1022	1999
1023	1584
1023	1873
1023	1964
1024	95
1024	1948
1024	1952
1025	1335
1025	1596
1025	1736
1026	1002
1026	1811
1026	1940
1027	1501
1027	1808
1027	1963
1028	1595
1028	1749
1028	1898
1029	330
1029	1752
1029	1957
1030	339
1030	1871
1030	1993
1031	1896
1031	1902
1031	1971
1032	1804
1032	1920
1032	2000
1033	1910
1033	1958
1033	1959
1034	662
1034	1734
1034	1999
1035	1375
1035	1767
1035	1897
1036	1566
1036	1637
1036	1891
1037	862
1037	1959
1037	1978
1038	1213
1038	1537
1038	1926
1039	1304
1039	1707
1039	1937
1040	1713
1040	1807
1040	1810
1041	1827
1041	1829
1041	1941
1042	997
1042	1506
1042	1781
1043	882
1043	1583
1043	1960
1044	1858
1044	1947
1044	1960
1045	1905
1045	1961
1045	1997
1046	1630
1046	1837
1046	1856
1047	756
1047	973
1047	1985
1048	1444
1048	1756
1048	1893
1049	322
1049	1822
1049	1870
1050	1442
1050	1665
1050	1952
1051	1913
1051	1942
1051	1971
1052	334
1052	1685
1052	1969
1053	1289
1053	1866
1053	1936
1054	1216
1054	1823
1054	1960
1055	1432
1055	1560
1055	1687
1056	1791
1056	1923
1056	1983
1057	1414
1057	1910
1057	1958
1058	1409
1058	1972
1058	1980
1059	897
1059	1958
1059	1978
1060	168
1060	1167
1060	1377
1061	1522
1061	1731
1061	1977
1062	842
1062	1356
1062	1359
1063	962
1063	1652
1063	1892
1064	1697
1064	1700
1064	1994
1065	545
1065	920
1065	1323
1066	1468
1066	1834
1066	1927
1067	1810
1067	1822
1067	1984
1068	1743
1068	1901
1068	1916
1069	163
1069	1184
1069	1822
1070	1254
1070	1816
1070	1934
1071	276
1071	1949
1071	1995
1072	1442
1072	1702
1072	1975
1073	1837
1073	1902
1073	1953
1074	743
1074	927
1074	1817
1075	795
1075	1597
1075	1946
1076	47
1076	1709
1076	1957
1077	1085
1077	1331
1077	1710
1078	1867
1078	1938
1078	1965
1079	1166
1079	1277
1079	1872
1080	763
1080	867
1080	1721
1081	1452
1081	1537
1081	1935
1082	1296
1082	1904
1082	1992
1083	1242
1083	1926
1083	1935
1084	1661
1084	1861
1084	1987
1085	383
1085	1077
1085	1710
1086	551
1086	1498
1086	1749
1087	1193
1087	1717
1087	1957
1088	1626
1088	1984
1088	1998
1089	421
1089	1309
1089	1728
1090	1704
1090	1947
1090	1960
1091	1134
1091	1619
1091	1957
1092	4
1092	1635
1092	1902
1093	1106
1093	1718
1093	1812
1094	824
1094	1863
1094	1895
1095	448
1095	891
1095	1936
1096	1261
1096	1326
1096	1383
1097	1446
1097	1809
1097	1993
1098	858
1098	1815
1098	1986
1099	480
1099	551
1099	871
1100	1206
1100	1208
1100	1985
1101	1678
1101	1900
1101	1930
1102	972
1102	1511
1102	1896
1103	1658
1103	1822
1103	1857
1104	1644
1104	1819
1104	1884
1105	1341
1105	1862
1105	1963
1106	1093
1106	1229
1106	1781
1107	1784
1107	1786
1107	1909
1108	1330
1108	1851
1108	1964
1109	999
1109	1359
1109	1586
1110	838
1110	1791
1110	1963
1111	930
1111	1718
1111	1775
1112	1844
1112	1883
1112	1928
1113	1575
1113	1911
1113	1949
1114	1685
1114	1721
1114	1972
1115	1882
1115	1929
1115	1933
1116	1844
1116	1882
1116	1990
1117	1844
1117	1928
1117	1990
1118	104
1118	840
1118	1987
1119	107
1119	1935
1119	1987
1120	1176
1120	1651
1120	1836
1121	1662
1121	1811
1121	1940
1122	1886
1122	1944
1122	1970
1123	941
1123	1904
1123	1992
1124	1669
1124	1843
1124	1909
1125	1329
1125	1868
1125	1936
1126	18
1126	1943
1126	1991
1127	1680
1127	1903
1127	1976
1128	1722
1128	1961
1128	1997
1129	217
1129	1762
1129	1955
1130	1854
1130	1943
1130	1991
1131	90
1131	617
1131	1888
1132	1881
1132	1939
1132	1989
1133	1634
1133	1725
1133	1946
1134	1091
1134	1717
1134	1957
1135	1974
1135	1988
1135	1998
1136	1848
1136	1904
1136	1992
1137	930
1137	1512
1137	1656
1138	1580
1138	1834
1138	1838
1139	1864
1139	1890
1139	1942
1140	794
1140	1885
1140	1957
1141	1610
1141	1825
1141	1958
1142	937
1142	958
1142	1897
1143	492
1143	1910
1143	1959
1144	230
1144	1895
1144	1977
1145	600
1145	1875
1145	1941
1146	1904
1146	1921
1146	1992
1147	1742
1147	1969
1147	1976
1148	1808
1148	1862
1148	1963
1149	1616
1149	1770
1149	1908
1150	1854
1150	1943
1150	1991
1151	167
1151	769
1151	1950
1152	1769
1152	1905
1152	1997
1153	1746
1153	1794
1153	1930
1154	1951
1154	1979
1154	1982
1155	1815
1155	1952
1155	1986
1156	1492
1156	1757
1156	1955
1157	1760
1157	1885
1157	1957
1158	1714
1158	1810
1158	1822
1159	1869
1159	1924
1159	1969
1160	1772
1160	1893
1160	1914
1161	609
1161	1677
1161	1922
1162	1235
1162	1749
1162	1898
1163	952
1163	1736
1163	1790
1164	1440
1164	1918
1164	1964
1165	1507
1165	1531
1165	1570
1166	755
1166	1079
1166	1872
1167	981
1167	1060
1167	1717
1168	1414
1168	1959
1168	1978
1169	1184
1169	1375
1169	1590
1170	1770
1170	1814
1170	1966
1171	724
1171	1828
1171	1881
1172	1176
1172	1419
1172	1985
1173	1658
1173	1714
1173	1822
1174	1560
1174	1687
1174	1874
1175	375
1175	1572
1175	1859
1176	1120
1176	1172
1176	1710
1177	1765
1177	1902
1177	1953
1178	431
1178	1255
1178	1285
1179	805
1179	1862
1179	1917
1180	839
1180	1509
1180	1771
1181	716
1181	860
1181	952
1182	1327
1182	1803
1182	1991
1183	1851
1183	1918
1183	1964
1184	1069
1184	1169
1184	1508
1185	1823
1185	1972
1185	1980
1186	977
1186	1878
1186	1966
1187	1561
1187	1793
1187	1933
1188	1262
1188	1637
1188	1958
1189	285
1189	939
1189	1898
1190	467
1190	1762
1190	1955
1191	14
1191	1911
1191	1995
1192	1799
1192	1862
1192	1963
1193	1087
1193	1401
1193	1752
1194	1420
1194	1940
1194	1994
1195	1956
1195	1974
1195	1988
1196	117
1196	534
1196	1808
1197	1279
1197	1463
1197	1868
1197	1946
1198	1454
1198	1782
1198	1920
1198	2000
1199	20
1199	1710
1199	1738
1199	1985
1200	1645
1200	1663
1200	1732
1200	1784
1201	1855
1201	1948
1201	1952
1201	1986
1202	1672
1202	1854
1202	1943
1202	1991
1203	604
1203	1495
1203	1758
1203	1764
1204	1775
1204	1784
1204	1843
1204	1909
1205	511
1205	1779
1205	1920
1205	2000
1206	1100
1206	1657
1206	1710
1206	1985
1207	1910
1207	1959
1207	1968
1207	1978
1208	452
1208	1100
1208	1419
1208	1985
1209	977
1209	1675
1209	1762
1209	1955
1210	940
1210	1370
1210	1703
1210	1926
1211	1222
1211	1951
1211	1979
1211	1982
1212	75
1212	1599
1212	1610
1212	1708
1213	767
1213	1038
1213	1529
1213	1936
1214	1573
1214	1854
1214	1943
1214	1991
1215	468
1215	1441
1215	1907
1215	1931
1216	310
1216	1054
1216	1505
1216	1960
1217	1844
1217	1882
1217	1883
1217	1990
1218	1472
1218	1716
1218	1891
1218	1940
1219	879
1219	1410
1219	1800
1219	1881
1220	836
1220	1861
1220	1896
1220	1971
1221	1433
1221	1456
1221	1519
1221	1962
1222	546
1222	1211
1222	1951
1222	1982
1223	497
1223	1643
1223	1715
1223	1744
1224	1475
1224	1824
1224	1839
1224	1951
1225	1835
1225	1867
1225	1938
1225	1965
1226	124
1226	915
1226	1321
1226	1618
1227	1233
1227	1469
1227	1944
1227	1970
1228	421
1228	899
1228	1309
1228	1852
1229	899
1229	1106
1229	1766
1229	1888
1230	363
1230	834
1230	1684
1230	1802
1231	1746
1231	1794
1231	1851
1231	1930
1232	758
1232	845
1232	1014
1232	1872
1233	1227
1233	1874
1233	1886
1233	1944
1234	1410
1234	1594
1234	1912
1234	1989
1235	1162
1235	1780
1235	1829
1235	1898
1236	63
1236	1628
1236	1975
1236	1981
1237	1401
1237	1760
1237	1885
1237	1957
1238	954
1238	1355
1238	1952
1238	1986
1239	1256
1239	1540
1239	1829
1239	1898
1240	1423
1240	1748
1240	1931
1240	1973
1241	13
1241	1553
1241	1921
1241	1992
1242	1083
1242	1255
1242	1370
1242	1935
1243	1625
1243	1820
1243	1866
1243	1946
1244	1350
1244	1478
1244	1861
1244	1987
1245	1346
1245	1927
1245	1945
1245	1950
1246	1700
1246	1766
1246	1767
1246	1994
1247	351
1247	1556
1247	1904
1247	1921
1248	1784
1248	1786
1248	1909
1248	1963
1249	450
1249	995
1249	1706
1249	1897
1250	217
1250	1757
1250	1799
1250	1955
1251	1779
1251	1782
1251	1920
1251	2000
1252	1317
1252	1768
1252	1826
1252	1842
1253	582
1253	1295
1253	1552
1253	1994
1254	502
1254	1070
1254	1773
1254	1934
1255	1178
1255	1242
1255	1703
1255	1926
1256	1239
1256	1264
1256	1514
1256	1780
1257	44
1257	88
1257	671
1257	1336
1258	1906
1258	1923
1258	1967
1258	1983
1259	1835
1259	1867
1259	1938
1259	1965
1260	229
1260	1443
1260	1629
1260	1761
1261	338
1261	1096
1261	1383
1261	1709
1262	938
1262	1188
1262	1558
1262	1961
1263	449
1263	1309
1263	1640
1263	1852
1264	1256
1264	1595
1264	1780
1264	1898
1265	399
1265	894
1265	1795
1265	1992
1266	1568
1266	1787
1266	1846
1266	1928
1267	1658
1267	1732
1267	1751
1267	1888
1268	634
1268	1578
1268	1902
1268	1953
1269	588
1269	1760
1269	1855
1269	1948
1270	1722
1270	1769
1270	1845
1270	1997
1271	376
1271	409
1271	1819
1271	1884
1272	177
1272	1841
1272	1912
1272	1981
1273	984
1273	1858
1273	1896
1273	2000
1274	23
1274	1562
1274	1850
1274	1978
1275	1659
1275	1740
1275	1926
1275	1935
1276	1508
1276	1864
1276	1889
1276	1968
1277	1079
1277	1283
1277	1723
1277	1872
1278	1685
1278	1773
1278	1925
1278	1972
1279	1197
1279	1289
1279	1866
1279	1946
1280	467
1280	1757
1280	1762
1280	1955
1281	501
1281	1514
1281	1829
1281	1898
1282	19
1282	855
1282	1913
1282	1971
1283	1277
1283	1288
1283	1723
1283	1872
1284	620
1284	1824
1284	1979
1284	1982
1285	797
1285	1178
1285	1421
1285	1926
1286	747
1286	1723
1286	1843
1286	1872
1287	613
1287	792
1287	1659
1287	1926
1288	1283
1288	1402
1288	1487
1288	1723
1289	1053
1289	1279
1289	1909
1289	1946
1290	136
1290	1675
1290	1750
1290	1955
1291	1869
1291	1903
1291	1969
1291	1976
1292	1428
1292	1849
1292	1934
1292	1973
1293	1337
1293	1600
1293	1709
1293	1938
1294	1317
1294	1373
1294	1643
1294	1954
1295	1253
1295	1751
1295	1767
1295	1990
1296	1082
1296	1848
1296	1921
1296	1992
1297	1556
1297	1585
1297	1904
1297	1992
1298	1524
1298	1700
1298	1705
1298	1979
1299	1630
1299	1856
1299	1911
1299	1995
1300	438
1300	1430
1300	1708
1300	1754
1301	698
1301	1480
1301	1763
1301	1913
1302	1529
1302	1778
1302	1936
1302	1946
1303	1620
1303	1951
1303	1979
1303	1982
1304	523
1304	1039
1304	1688
1304	1690
1305	1353
1305	1470
1305	1600
1305	1796
1306	1867
1306	1938
1306	1965
1306	1998
1307	375
1307	883
1307	1536
1307	1899
1308	801
1308	1539
1308	1931
1308	1996
1309	1089
1309	1228
1309	1263
1309	1660
1310	187
1310	1705
1310	1951
1310	1982
1311	1865
1311	1956
1311	1988
1311	1998
1312	889
1312	978
1312	1493
1312	1798
1313	1391
1313	1500
1313	1717
1313	1720
1314	93
1314	846
1314	1735
1314	1897
1315	342
1315	1855
1315	1885
1315	1957
1316	1553
1316	1848
1316	1893
1316	1992
1317	1252
1317	1294
1317	1842
1317	1954
1318	1779
1318	1804
1318	1920
1318	2000
1319	652
1319	1684
1319	1801
1319	1999
1320	353
1320	754
1320	1337
1320	1523
1321	723
1321	1226
1321	1440
1321	1873
1322	1442
1322	1547
1322	1833
1322	1975
1323	407
1323	920
1323	992
1323	1065
1324	951
1324	1827
1324	1937
1324	1989
1325	267
1325	354
1325	410
1325	1512
1326	1096
1326	1533
1326	1581
1326	1699
1327	1182
1327	1748
1327	1973
1327	1996
1328	895
1328	1823
1328	1832
1328	1980
1329	752
1329	1125
1329	1532
1329	1946
1330	1108
1330	1615
1330	1873
1330	1918
1331	804
1331	963
1331	1077
1331	1496
1332	349
1332	1353
1332	1389
1332	1709
1333	592
1333	1910
1333	1959
1333	1978
1334	1606
1334	1613
1334	1922
1334	1950
1335	1025
1335	1743
1335	1916
1335	1947
1336	1257
1336	1703
1336	1828
1336	1935
1337	277
1337	1293
1337	1320
1337	1709
1338	880
1338	1811
1338	1891
1338	1940
1339	1417
1339	1594
1339	1876
1339	1939
1340	1358
1340	1530
1340	1905
1340	1947
1341	584
1341	889
1341	1105
1341	1917
1342	485
1342	1866
1342	1936
1342	1946
1343	149
1343	1400
1343	1443
1343	1987
1344	636
1344	965
1344	1515
1344	1692
1345	1906
1345	1923
1345	1967
1345	1983
1346	1245
1346	1636
1346	1640
1346	1945
1347	456
1347	983
1347	1568
1347	1787
1348	1563
1348	1693
1348	1759
1348	1857
1349	489
1349	1774
1349	1958
1349	1978
1350	1244
1350	1974
1350	1984
1350	1998
1351	1524
1351	1839
1351	1979
1351	1982
1352	1359
1352	1530
1352	1579
1352	1704
1353	633
1353	1305
1353	1332
1353	1820
1354	1684
1354	1734
1354	1801
1354	1999
1355	1238
1355	1815
1355	1960
1355	1986
1356	1062
1356	1505
1356	1586
1356	1947
1357	1840
1357	1887
1357	1901
1357	1916
1358	347
1358	565
1358	1340
1358	1704
1359	310
1359	1062
1359	1109
1359	1352
1360	867
1360	1598
1360	1819
1360	1884
1361	279
1361	1724
1361	1956
1361	1998
1362	1621
1362	1875
1362	1884
1362	1941
1363	1022
1363	1658
1363	1807
1363	1870
1364	1740
1364	1951
1364	1979
1364	1982
1365	685
1365	1562
1365	1866
1365	1985
1366	1880
1366	1894
1366	1974
1366	1988
1367	839
1367	1771
1367	1861
1367	1987
1368	990
1368	1016
1368	1814
1368	1908
1369	1869
1369	1903
1369	1924
1369	1976
1370	292
1370	1210
1370	1242
1370	1537
1371	1818
1371	1912
1371	1975
1371	1981
1372	378
1372	1813
1372	1975
1372	1981
1373	40
1373	1294
1373	1445
1373	1954
1374	861
1374	1750
1374	1757
1374	1955
1375	995
1375	1035
1375	1169
1375	1999
1376	1906
1376	1923
1376	1967
1376	1983
1377	225
1377	1060
1377	1752
1377	1760
1378	1502
1378	1570
1378	1616
1378	1966
1379	680
1379	1659
1379	1926
1379	1935
1380	1619
1380	1770
1380	1832
1380	1972
1381	1547
1381	1614
1381	1818
1381	1831
1382	39
1382	795
1382	1853
1382	1977
1383	338
1383	1096
1383	1261
1383	1470
1384	1629
1384	1782
1384	1920
1384	2000
1385	1424
1385	1860
1385	1988
1385	1990
1386	632
1386	932
1386	1697
1386	1994
1387	109
1387	1739
1387	1778
1387	1871
1388	1766
1388	1777
1388	1805
1388	1884
1389	1332
1389	1804
1389	1920
1389	2000
1390	866
1390	1851
1390	1873
1390	1918
1390	1964
1391	1313
1391	1411
1391	1591
1391	1667
1391	1668
1392	909
1392	1407
1392	1904
1392	1921
1392	1992
1393	554
1393	1824
1393	1839
1393	1951
1393	1979
1394	1850
1394	1910
1394	1958
1394	1959
1394	1978
1395	522
1395	1619
1395	1661
1395	1832
1395	1925
1396	1672
1396	1803
1396	1854
1396	1943
1396	1991
1397	1427
1397	1695
1397	1702
1397	1912
1397	1975
1398	191
1398	888
1398	960
1398	1642
1398	1941
1399	1526
1399	1596
1399	1793
1399	1887
1399	1901
1400	458
1400	517
1400	1343
1400	1408
1400	1987
1401	734
1401	1193
1401	1237
1401	1717
1401	1957
1402	111
1402	980
1402	1288
1402	1805
1402	1819
1403	1636
1403	1922
1403	1927
1403	1950
1403	1980
1404	803
1404	1792
1404	1816
1404	1934
1404	1996
1405	1443
1405	1609
1405	1761
1405	1771
1405	1987
1406	197
1406	205
1406	1718
1406	1781
1406	1812
1407	1392
1407	1467
1407	1848
1407	1904
1407	1921
1408	555
1408	1400
1408	1661
1408	1832
1408	1972
1409	1058
1409	1619
1409	1721
1409	1972
1409	1980
1410	1219
1410	1234
1410	1800
1410	1939
1410	1978
1411	1391
1411	1711
1411	1830
1411	1969
1411	1976
1412	218
1412	1701
1412	1803
1412	1943
1412	1991
1413	27
1413	835
1413	847
1413	1005
1413	1838
1414	1057
1414	1168
1414	1850
1414	1958
1414	1959
1415	1645
1415	1830
1415	1869
1415	1903
1415	1976
1416	370
1416	645
1416	1650
1416	1923
1416	1967
1417	442
1417	905
1417	1339
1417	1581
1417	1618
1418	1679
1418	1837
1418	1856
1418	1949
1418	1995
1419	701
1419	1172
1419	1208
1419	1496
1419	1870
1420	1194
1420	1697
1420	1700
1420	1719
1420	1767
1421	1285
1421	1537
1421	1740
1421	1926
1421	1935
1422	959
1422	1634
1422	1673
1422	1725
1422	1787
1423	1240
1423	1748
1423	1934
1423	1973
1423	1996
1424	254
1424	1385
1424	1844
1424	1882
1424	1928
1425	905
1425	1001
1425	1581
1425	1618
1425	1622
1426	1554
1426	1745
1426	1855
1426	1948
1426	1986
1427	157
1427	890
1427	1397
1427	1912
1427	1981
1428	1292
1428	1773
1428	1849
1428	1934
1428	1996
1429	118
1429	1546
1429	1606
1429	1838
1429	1922
1430	306
1430	669
1430	1300
1430	1696
1430	1825
1431	503
1431	1789
1431	1800
1431	1876
1431	1989
1432	1055
1432	1687
1432	1755
1432	1944
1432	1970
1433	1221
1433	1543
1433	1785
1433	1929
1433	1962
1434	195
1434	1863
1434	1895
1434	1977
1434	1997
1435	348
1435	1798
1435	1808
1435	1862
1435	1917
1436	275
1436	1922
1436	1927
1436	1932
1436	1950
1437	1466
1437	1510
1437	1929
1437	1933
1437	1962
1438	1574
1438	1733
1438	1929
1438	1933
1438	1962
1439	1519
1439	1554
1439	1574
1439	1933
1439	1962
1440	1164
1440	1321
1440	1818
1440	1918
1440	1964
1441	784
1441	1215
1441	1504
1441	1934
1441	1973
1442	1050
1442	1072
1442	1322
1442	1843
1442	1975
1443	1260
1443	1343
1443	1405
1443	1517
1443	1761
1444	1048
1444	1727
1444	1756
1444	1772
1444	1914
1445	1006
1445	1373
1445	1708
1445	1788
1445	1825
1446	918
1446	1097
1446	1871
1446	1919
1446	1993
1447	1879
1447	1894
1447	1974
1447	1984
1447	1988
1448	61
1448	294
1448	1882
1448	1928
1448	1990
1449	1845
1449	1905
1449	1915
1449	1961
1449	1997
1450	1468
1450	1747
1450	1877
1450	1942
1450	1968
1451	1874
1451	1886
1451	1892
1451	1944
1451	1970
1452	1081
1452	1745
1452	1764
1452	1952
1452	1986
1453	1537
1453	1880
1453	1956
1453	1974
1453	1998
1454	262
1454	1198
1454	1464
1454	1920
1454	2000
1455	172
1455	408
1455	924
1455	1651
1455	1836
1456	1006
1456	1221
1456	1611
1456	1754
1456	1825
1457	1578
1457	1858
1457	1913
1457	1971
1457	1998
1458	575
1458	1727
1458	1772
1458	1893
1458	1914
1459	1614
1459	1818
1459	1831
1459	1912
1459	1975
1460	1536
1460	1604
1460	1694
1460	1745
1460	1899
1461	896
1461	1748
1461	1849
1461	1931
1461	1973
1462	297
1462	990
1462	1570
1462	1821
1462	1966
1463	1197
1463	1532
1463	1868
1463	1936
1463	1946
1464	827
1464	1454
1464	1564
1464	1782
1464	2000
1465	603
1465	1520
1465	1565
1465	1660
1465	1852
1466	1437
1466	1785
1466	1929
1466	1933
1466	1962
1467	1407
1467	1585
1467	1795
1467	1921
1467	1992
1468	1066
1468	1450
1468	1838
1468	1927
1468	1945
1469	419
1469	1227
1469	1886
1469	1892
1469	1944
1470	309
1470	526
1470	556
1470	1305
1470	1383
1471	678
1471	782
1471	1823
1471	1972
1471	1980
1472	1218
1472	1566
1472	1662
1472	1891
1472	1940
1473	266
1473	581
1473	1704
1473	1947
1473	1960
1474	1642
1474	1688
1474	1707
1474	1827
1474	1941
1475	1224
1475	1907
1475	1931
1475	1934
1475	1996
1476	907
1476	1623
1476	1842
1476	1954
1476	1977
1477	78
1477	283
1477	642
1477	804
1477	1673
1478	1244
1478	1509
1478	1550
1478	1841
1478	1987
1479	2
1479	1675
1479	1757
1479	1955
1479	1989
1480	140
1480	1301
1480	1896
1480	1953
1480	1971
1481	1864
1481	1877
1481	1889
1481	1942
1481	1968
1482	1776
1482	1849
1482	1907
1482	1973
1482	1996
1483	189
1483	411
1483	1640
1483	1660
1483	1728
1484	1648
1484	1783
1484	1807
1484	1810
1484	1822
1485	1494
1485	1906
1485	1923
1485	1967
1485	1983
1486	1603
1486	1782
1486	1804
1486	1920
1486	2000
1487	709
1487	1288
1487	1499
1487	1723
1487	1872
1488	1747
1488	1890
1488	1942
1488	1968
1488	1981
1489	1818
1489	1831
1489	1833
1489	1912
1489	1950
1490	1865
1490	1879
1490	1880
1490	1988
1490	1998
1491	1605
1491	1847
1491	1905
1491	1961
1491	1997
1492	906
1492	1156
1492	1601
1492	1762
1492	1955
1493	869
1493	1312
1493	1724
1493	1799
1493	1963
1494	1485
1494	1906
1494	1923
1494	1967
1494	1983
1495	1203
1495	1745
1495	1855
1495	1948
1495	1952
1496	407
1496	856
1496	1331
1496	1419
1496	1657
1497	333
1497	1791
1497	1798
1497	1917
1497	1963
1498	144
1498	1086
1498	1639
1498	1749
1498	1898
1499	178
1499	1487
1499	1630
1499	1949
1499	1995
1500	811
1500	1313
1500	1591
1500	1601
1500	1667
1501	1027
1501	1906
1501	1923
1501	1967
1501	1983
1502	1378
1502	1528
1502	1814
1502	1908
1502	1966
1503	1824
1503	1845
1503	1905
1503	1961
1503	1997
1504	609
1504	1441
1504	1773
1504	1958
1504	1973
1505	1216
1505	1356
1505	1530
1505	1947
1505	1960
1506	1042
1506	1656
1506	1718
1506	1812
1506	1887
1507	1019
1507	1165
1507	1821
1507	1878
1507	1908
1508	875
1508	1184
1508	1276
1508	1713
1508	1857
1508	1870
1509	229
1509	1180
1509	1478
1509	1609
1509	1771
1509	1861
1510	1437
1510	1589
1510	1742
1510	1924
1510	1969
1510	1976
1511	1102
1511	1598
1511	1627
1511	1670
1511	1777
1511	1819
1512	253
1512	1137
1512	1325
1512	1571
1512	1758
1512	1812
1513	1712
1513	1864
1513	1873
1513	1877
1513	1889
1513	1942
1514	480
1514	1256
1514	1281
1514	1777
1514	1797
1514	1829
1515	172
1515	979
1515	1344
1515	1626
1515	1692
1515	1836
1516	732
1516	985
1516	1591
1516	1601
1516	1667
1516	1668
1517	64
1517	458
1517	1443
1517	1550
1517	1861
1517	1987
1518	1018
1518	1611
1518	1793
1518	1887
1518	1901
1518	1916
1519	1221
1519	1439
1519	1733
1519	1785
1519	1929
1519	1962
1520	1465
1520	1640
1520	1660
1520	1728
1520	1845
1520	1852
1521	1532
1521	1813
1521	1820
1521	1866
1521	1868
1521	1946
1522	967
1522	1061
1522	1577
1522	1863
1522	1895
1522	1977
1523	622
1523	734
1523	1320
1523	1752
1523	1760
1523	1957
1524	661
1524	1298
1524	1351
1524	1951
1524	1979
1524	1982
1525	176
1525	890
1525	1818
1525	1831
1525	1975
1525	1981
1526	302
1526	1399
1526	1847
1526	1905
1526	1915
1526	1961
1527	1776
1527	1792
1527	1931
1527	1934
1527	1973
1527	1996
1528	816
1528	1502
1528	1806
1528	1821
1528	1878
1528	1908
1529	280
1529	961
1529	1213
1529	1302
1529	1576
1529	1813
1530	379
1530	1340
1530	1352
1530	1505
1530	1704
1530	1947
1531	1165
1531	1605
1531	1722
1531	1905
1531	1961
1531	1997
1532	1329
1532	1463
1532	1521
1532	1576
1532	1603
1532	1868
1533	318
1533	1326
1533	1575
1533	1618
1533	1622
1533	1699
1534	1736
1534	1840
1534	1887
1534	1901
1534	1916
1534	1986
1535	40
1535	1653
1535	1706
1535	1715
1535	1842
1535	1954
1536	1307
1536	1460
1536	1572
1536	1694
1536	1859
1536	1899
1537	1038
1537	1081
1537	1370
1537	1421
1537	1453
1537	1935
1538	165
1538	752
1538	1625
1538	1790
1538	1813
1538	1820
1539	1308
1539	1653
1539	1676
1539	1776
1539	1907
1539	1934
1540	1239
1540	1595
1540	1749
1540	1797
1540	1845
1540	1886
1541	258
1541	1748
1541	1798
1541	1799
1541	1862
1541	1917
1542	236
1542	965
1542	1569
1542	1626
1542	1691
1542	1836
1543	1433
1543	1554
1543	1733
1543	1929
1543	1933
1543	1962
1544	453
1544	770
1544	870
1544	1755
1544	1944
1544	1970
1545	543
1545	967
1545	1731
1545	1853
1545	1863
1545	1977
1546	1429
1546	1606
1546	1613
1546	1671
1546	1922
1546	1945
1547	1322
1547	1381
1547	1695
1547	1742
1547	1831
1547	1975
1548	69
1548	315
1548	428
1548	1689
1548	1694
1548	1859
1549	785
1549	1879
1549	1880
1549	1894
1549	1988
1549	1998
1550	699
1550	1478
1550	1517
1550	1711
1550	1771
1550	1987
1551	580
1551	1731
1551	1863
1551	1895
1551	1900
1551	1977
1552	617
1552	1253
1552	1669
1552	1767
1552	1888
1552	1994
1553	1241
1553	1316
1553	1795
1553	1848
1553	1904
1553	1992
1554	1426
1554	1439
1554	1543
1554	1785
1554	1929
1554	1933
1555	1669
1555	1775
1555	1786
1555	1843
1555	1850
1555	1909
1556	1247
1556	1297
1556	1585
1556	1904
1556	1991
1556	1992
1557	130
1557	1577
1557	1828
1557	1853
1557	1895
1557	1977
1558	1262
1558	1769
1558	1905
1558	1915
1558	1961
1558	1997
1559	1835
1559	1867
1559	1938
1559	1965
1560	440
1560	1055
1560	1174
1560	1602
1560	1892
1560	1944
1561	1187
1561	1736
1561	1840
1561	1887
1561	1901
1561	1916
1562	383
1562	973
1562	1274
1562	1365
1562	1710
1562	1985
1563	1348
1563	1713
1563	1732
1563	1759
1563	1810
1563	1870
1564	1464
1564	1603
1564	1779
1564	1782
1564	1804
1564	2000
1565	145
1565	623
1565	1465
1565	1640
1565	1660
1565	1852
1566	1036
1566	1472
1566	1693
1566	1811
1566	1891
1566	1940
1567	412
1567	1831
1567	1860
1567	1883
1567	1928
1567	1990
1568	366
1568	484
1568	1266
1568	1347
1568	1725
1568	1846
1569	1542
1569	1612
1569	1778
1569	1871
1569	1919
1569	1993
1570	1165
1570	1378
1570	1462
1570	1616
1570	1770
1570	1966
1571	205
1571	354
1571	397
1571	903
1571	1512
1571	1718
1572	625
1572	993
1572	1175
1572	1536
1572	1681
1572	1689
1573	371
1573	983
1573	1214
1573	1607
1573	1673
1573	1846
1574	1438
1574	1439
1574	1785
1574	1929
1574	1933
1574	1962
1575	62
1575	905
1575	943
1575	1113
1575	1533
1575	1622
1576	595
1576	643
1576	933
1576	1529
1576	1532
1576	1936
1577	427
1577	482
1577	1522
1577	1557
1577	1731
1577	1977
1578	1268
1578	1457
1578	1587
1578	1765
1578	1902
1578	1913
1579	134
1579	565
1579	644
1579	842
1579	1352
1579	1947
1580	22
1580	296
1580	521
1580	1138
1580	1593
1580	1729
1581	27
1581	915
1581	1326
1581	1417
1581	1425
1581	1699
1582	1639
1582	1765
1582	1896
1582	1913
1582	1953
1582	1971
1583	281
1583	581
1583	1043
1583	1704
1583	1947
1583	1960
1584	1023
1584	1615
1584	1851
1584	1895
1584	1918
1584	1964
1585	1297
1585	1467
1585	1556
1585	1904
1585	1921
1585	1992
1586	313
1586	647
1586	1109
1586	1356
1586	1947
1586	1960
1587	415
1587	665
1587	1578
1587	1730
1587	1896
1587	1971
1588	949
1588	950
1588	1834
1588	1838
1588	1932
1588	1945
1589	1510
1589	1869
1589	1924
1589	1969
1589	1974
1589	1976
1590	884
1590	958
1590	1169
1590	1647
1590	1734
1590	1801
1590	1999
1591	327
1591	829
1591	1391
1591	1500
1591	1516
1591	1601
1591	1668
1592	339
1592	374
1592	628
1592	1654
1592	1686
1592	1871
1592	1993
1593	409
1593	417
1593	1580
1593	1743
1593	1922
1593	1945
1593	1950
1594	83
1594	169
1594	879
1594	1234
1594	1339
1594	1800
1594	1876
1595	1028
1595	1264
1595	1540
1595	1749
1595	1829
1595	1898
1595	1911
1596	216
1596	323
1596	750
1596	1025
1596	1399
1596	1887
1596	1901
1597	1075
1597	1621
1597	1707
1597	1827
1597	1875
1597	1937
1597	1941
1598	186
1598	616
1598	1360
1598	1511
1598	1630
1598	1805
1598	1884
1599	326
1599	1212
1599	1610
1599	1696
1599	1708
1599	1788
1599	1825
1600	309
1600	349
1600	556
1600	633
1600	1293
1600	1305
1600	1709
1601	777
1601	1492
1601	1500
1601	1516
1601	1591
1601	1667
1601	1668
1602	131
1602	640
1602	994
1602	1560
1602	1874
1602	1886
1602	1892
1603	1008
1603	1486
1603	1532
1603	1564
1603	1779
1603	1920
1603	2000
1604	129
1604	1460
1604	1627
1604	1634
1604	1689
1604	1859
1604	1899
1605	360
1605	1491
1605	1531
1605	1666
1605	1915
1605	1961
1605	1997
1606	760
1606	1334
1606	1429
1606	1546
1606	1883
1606	1932
1606	1950
1607	694
1607	1573
1607	1632
1607	1646
1607	1725
1607	1787
1607	1846
1608	166
1608	1864
1608	1877
1608	1889
1608	1890
1608	1942
1608	1968
1609	207
1609	668
1609	1015
1609	1405
1609	1509
1609	1861
1609	1987
1610	1141
1610	1212
1610	1599
1610	1611
1610	1696
1610	1754
1610	1862
1611	1456
1611	1518
1611	1610
1611	1649
1611	1754
1611	1788
1611	1825
1612	1569
1612	1633
1612	1686
1612	1809
1612	1871
1612	1919
1612	1993
1613	199
1613	919
1613	1334
1613	1546
1613	1927
1613	1944
1613	1950
1614	1381
1614	1459
1614	1628
1614	1818
1614	1831
1614	1912
1614	1981
1615	1330
1615	1584
1615	1851
1615	1873
1615	1918
1615	1956
1615	1964
1616	472
1616	1149
1616	1378
1616	1570
1616	1814
1616	1908
1616	1966
1617	270
1617	498
1617	561
1617	1648
1617	1783
1617	1807
1617	1857
1618	62
1618	898
1618	1226
1618	1417
1618	1425
1618	1533
1618	1907
1619	1091
1619	1380
1619	1395
1619	1409
1619	1685
1619	1832
1619	1972
1620	337
1620	620
1620	1303
1620	1824
1620	1839
1620	1951
1620	1979
1621	1362
1621	1597
1621	1668
1621	1690
1621	1827
1621	1937
1621	1941
1622	669
1622	678
1622	943
1622	1425
1622	1533
1622	1575
1622	1699
1623	821
1623	1476
1623	1715
1623	1744
1623	1768
1623	1826
1623	1954
1624	41
1624	945
1624	1701
1624	1803
1624	1854
1624	1943
1624	1991
1625	1243
1625	1538
1625	1820
1625	1866
1625	1868
1625	1936
1625	1946
1626	408
1626	597
1626	1088
1626	1515
1626	1542
1626	1651
1626	1836
1627	250
1627	287
1627	1511
1627	1604
1627	1689
1627	1859
1627	1899
1628	601
1628	1236
1628	1614
1628	1818
1628	1831
1628	1975
1628	1981
1629	486
1629	912
1629	1260
1629	1384
1629	1761
1629	1771
1629	1987
1630	942
1630	1046
1630	1299
1630	1499
1630	1598
1630	1741
1630	1949
1631	847
1631	950
1631	1726
1631	1729
1631	1834
1631	1932
1631	1950
1632	681
1632	959
1632	1607
1632	1725
1632	1787
1632	1846
1632	1903
1633	355
1633	742
1633	904
1633	1612
1633	1674
1633	1809
1633	1993
1634	283
1634	815
1634	1133
1634	1422
1634	1604
1634	1673
1634	1725
1635	237
1635	1092
1635	1898
1635	1902
1635	1913
1635	1953
1635	1971
1636	275
1636	1346
1636	1403
1636	1671
1636	1752
1636	1945
1636	1950
1637	872
1637	1036
1637	1188
1637	1910
1637	1958
1637	1959
1637	1978
1638	1641
1638	1664
1638	1789
1638	1876
1638	1881
1638	1939
1638	1989
1639	939
1639	1498
1639	1582
1639	1780
1639	1797
1639	1829
1639	1898
1640	110
1640	713
1640	1263
1640	1346
1640	1483
1640	1520
1640	1565
1641	85
1641	1638
1641	1789
1641	1796
1641	1828
1641	1876
1641	1923
1642	621
1642	1398
1642	1474
1642	1827
1642	1875
1642	1937
1642	1941
1643	1223
1643	1294
1643	1715
1643	1768
1643	1826
1643	1842
1643	1954
1644	495
1644	775
1644	1004
1644	1009
1644	1104
1644	1805
1644	1884
1645	134
1645	899
1645	1200
1645	1415
1645	1732
1645	1751
1645	1994
1646	253
1646	596
1646	707
1646	1607
1646	1656
1646	1718
1646	1781
1647	244
1647	340
1647	414
1647	1015
1647	1590
1647	1735
1647	1897
1648	1484
1648	1617
1648	1713
1648	1783
1648	1807
1648	1822
1648	1870
1649	438
1649	1611
1649	1708
1649	1754
1649	1788
1649	1825
1649	1934
1650	696
1650	1416
1650	1840
1650	1906
1650	1923
1650	1967
1650	1983
1651	234
1651	924
1651	1120
1651	1455
1651	1626
1651	1691
1651	1836
1652	385
1652	1063
1652	1755
1652	1886
1652	1892
1652	1944
1652	1970
1653	226
1653	821
1653	1535
1653	1539
1653	1715
1653	1768
1653	1954
1654	925
1654	1592
1654	1739
1654	1863
1654	1871
1654	1919
1654	1993
1655	499
1655	1674
1655	1824
1655	1839
1655	1951
1655	1979
1655	1982
1656	281
1656	367
1656	477
1656	1137
1656	1506
1656	1646
1656	1718
1657	20
1657	143
1657	856
1657	1206
1657	1496
1657	1893
1657	1985
1658	878
1658	1103
1658	1173
1658	1267
1658	1363
1658	1714
1658	1759
1659	743
1659	1275
1659	1287
1659	1379
1659	1740
1659	1885
1659	1926
1659	1935
1660	220
1660	1309
1660	1465
1660	1483
1660	1520
1660	1565
1660	1728
1660	1981
1661	735
1661	1084
1661	1395
1661	1408
1661	1823
1661	1925
1661	1972
1661	1980
1662	629
1662	686
1662	996
1662	1121
1662	1472
1662	1811
1662	1891
1662	1940
1663	105
1663	108
1663	1200
1663	1700
1663	1751
1663	1767
1663	1975
1663	1994
1664	260
1664	673
1664	1638
1664	1789
1664	1796
1664	1828
1664	1881
1664	1939
1665	63
1665	1050
1665	1702
1665	1755
1665	1833
1665	1912
1665	1975
1665	1981
1666	826
1666	1605
1666	1769
1666	1847
1666	1899
1666	1905
1666	1961
1666	1997
1667	811
1667	985
1667	988
1667	1391
1667	1500
1667	1516
1667	1601
1667	1805
1668	732
1668	985
1668	1391
1668	1516
1668	1591
1668	1601
1668	1621
1668	1720
1669	1124
1669	1552
1669	1555
1669	1775
1669	1784
1669	1786
1669	1843
1669	1909
1670	241
1670	422
1670	470
1670	982
1670	1511
1670	1819
1670	1884
1670	1907
1671	708
1671	848
1671	946
1671	1546
1671	1636
1671	1673
1671	1922
1671	1950
1672	934
1672	1202
1672	1396
1672	1701
1672	1803
1672	1854
1672	1943
1672	1991
1673	156
1673	1422
1673	1477
1673	1573
1673	1634
1673	1671
1673	1787
1673	1846
1674	918
1674	966
1674	1633
1674	1655
1674	1739
1674	1778
1674	1871
1674	1993
1675	136
1675	319
1675	388
1675	1209
1675	1290
1675	1479
1675	1750
1675	1955
1676	1539
1676	1816
1676	1907
1676	1908
1676	1931
1676	1934
1676	1973
1676	1996
1677	1161
1677	1733
1677	1737
1677	1773
1677	1792
1677	1849
1677	1907
1677	1973
1678	1101
1678	1744
1678	1746
1678	1794
1678	1900
1678	1930
1679	188
1679	395
1679	854
1679	1418
1679	1741
1679	1911
1679	1949
1679	1995
1680	550
1680	1127
1680	1742
1680	1830
1680	1924
1680	1954
1680	1969
1680	1976
1681	300
1681	343
1681	1572
1681	1865
1681	1956
1681	1974
1681	1984
1681	1988
1682	1865
1682	1880
1682	1894
1682	1956
1682	1974
1682	1984
1682	1988
1682	1998
1683	219
1683	308
1683	729
1683	868
1683	1755
1683	1892
1683	1944
1683	1970
1684	72
1684	530
1684	928
1684	1230
1684	1319
1684	1354
1684	1706
1684	1999
1685	626
1685	1052
1685	1114
1685	1278
1685	1619
1685	1823
1685	1972
1685	1980
1686	121
1686	170
1686	489
1686	1592
1686	1612
1686	1871
1686	1919
1686	1993
1687	922
1687	969
1687	1055
1687	1174
1687	1432
1687	1886
1687	1944
1687	1970
1688	171
1688	600
1688	1304
1688	1474
1688	1827
1688	1853
1688	1937
1688	1941
1689	211
1689	978
1689	1548
1689	1572
1689	1604
1689	1627
1689	1859
1689	1899
1690	45
1690	523
1690	621
1690	1304
1690	1621
1690	1827
1690	1875
1690	1937
1691	56
1691	636
1691	965
1691	979
1691	1542
1691	1651
1691	1836
1691	1839
1692	56
1692	368
1692	382
1692	520
1692	1344
1692	1515
1692	1786
1692	1836
1693	703
1693	878
1693	1348
1693	1566
1693	1714
1693	1783
1693	1822
1693	1870
1694	66
1694	77
1694	883
1694	948
1694	1460
1694	1536
1694	1548
1694	1899
1695	325
1695	433
1695	1397
1695	1547
1695	1831
1695	1969
1695	1975
1695	1981
1696	306
1696	586
1696	1430
1696	1599
1696	1610
1696	1708
1696	1754
1696	1788
1697	766
1697	1064
1697	1386
1697	1420
1697	1700
1697	1732
1697	1751
1697	1994
1698	1724
1698	1865
1698	1894
1698	1936
1698	1956
1698	1974
1698	1984
1698	1998
1699	389
1699	787
1699	898
1699	1001
1699	1326
1699	1533
1699	1581
1699	1622
1700	778
1700	1064
1700	1246
1700	1298
1700	1420
1700	1663
1700	1697
1700	1994
1701	715
1701	1412
1701	1624
1701	1672
1701	1803
1701	1849
1701	1943
1701	1991
1702	813
1702	1072
1702	1397
1702	1665
1702	1833
1702	1841
1702	1975
1702	1981
1703	232
1703	876
1703	1210
1703	1255
1703	1336
1703	1740
1703	1926
1703	1935
1704	936
1704	1090
1704	1352
1704	1358
1704	1473
1704	1530
1704	1583
1704	1947
1704	1960
1705	52
1705	818
1705	1298
1705	1310
1705	1824
1705	1903
1705	1951
1705	1979
1705	1982
1706	150
1706	465
1706	1249
1706	1535
1706	1684
1706	1801
1706	1802
1706	1897
1706	1999
1707	851
1707	1039
1707	1474
1707	1597
1707	1827
1707	1875
1707	1927
1707	1937
1707	1941
1708	490
1708	1212
1708	1300
1708	1445
1708	1599
1708	1649
1708	1696
1708	1788
1708	1825
1709	277
1709	526
1709	754
1709	1076
1709	1261
1709	1293
1709	1332
1709	1337
1709	1600
1710	330
1710	664
1710	1077
1710	1085
1710	1176
1710	1199
1710	1206
1710	1562
1710	1985
1711	820
1711	1411
1711	1550
1711	1742
1711	1869
1711	1903
1711	1924
1711	1969
1711	1976
1712	1513
1712	1747
1712	1864
1712	1877
1712	1879
1712	1889
1712	1890
1712	1942
1712	1968
1713	184
1713	1022
1713	1040
1713	1508
1713	1563
1713	1648
1713	1807
1713	1870
1713	2000
1714	488
1714	875
1714	1158
1714	1173
1714	1658
1714	1693
1714	1807
1714	1812
1714	1857
1715	113
1715	1223
1715	1535
1715	1623
1715	1643
1715	1653
1715	1817
1715	1842
1715	1954
1716	97
1716	247
1716	345
1716	1002
1716	1218
1716	1811
1716	1891
1716	1940
1716	1994
1717	175
1717	981
1717	1087
1717	1134
1717	1167
1717	1313
1717	1401
1717	1752
1717	1957
1718	404
1718	848
1718	1093
1718	1111
1718	1406
1718	1506
1718	1571
1718	1646
1718	1656
1719	497
1719	590
1719	781
1719	917
1719	990
1719	1420
1719	1770
1719	1878
1719	1908
1720	48
1720	87
1720	149
1720	337
1720	630
1720	777
1720	1313
1720	1668
1720	1962
1721	819
1721	1080
1721	1114
1721	1409
1721	1823
1721	1832
1721	1925
1721	1972
1721	1980
1722	401
1722	826
1722	1128
1722	1270
1722	1531
1722	1845
1722	1915
1722	1961
1722	1997
1723	606
1723	1014
1723	1277
1723	1283
1723	1286
1723	1288
1723	1487
1723	1871
1723	1872
1724	1361
1724	1493
1724	1698
1724	1879
1724	1956
1724	1974
1724	1984
1724	1988
1724	1998
1725	1133
1725	1422
1725	1568
1725	1607
1725	1632
1725	1634
1725	1787
1725	1846
1725	1936
1726	83
1726	646
1726	1631
1726	1800
1726	1828
1726	1876
1726	1881
1726	1939
1726	1989
1727	549
1727	716
1727	757
1727	1444
1727	1458
1727	1756
1727	1772
1727	1893
1727	1914
1728	200
1728	233
1728	989
1728	1089
1728	1483
1728	1520
1728	1660
1728	1852
1728	1910
1729	444
1729	863
1729	1580
1729	1631
1729	1781
1729	1922
1729	1927
1729	1932
1729	1945
1730	65
1730	956
1730	1587
1730	1858
1730	1897
1730	1902
1730	1913
1730	1953
1730	1971
1731	214
1731	910
1731	1061
1731	1545
1731	1551
1731	1577
1731	1863
1731	1959
1731	1977
1732	506
1732	674
1732	1200
1732	1267
1732	1563
1732	1645
1732	1697
1732	1888
1732	1994
1733	893
1733	1438
1733	1519
1733	1543
1733	1677
1733	1785
1733	1929
1733	1933
1733	1962
1734	272
1734	363
1734	1034
1734	1354
1734	1590
1734	1802
1734	1868
1734	1897
1734	1999
1735	150
1735	401
1735	662
1735	1314
1735	1647
1735	1801
1735	1802
1735	1944
1735	1999
1736	327
1736	1025
1736	1163
1736	1534
1736	1561
1736	1840
1736	1887
1736	1901
1736	1916
1737	123
1737	1677
1737	1773
1737	1849
1737	1931
1737	1934
1737	1942
1737	1973
1737	1996
1738	49
1738	91
1738	483
1738	1199
1738	1844
1738	1860
1738	1882
1738	1928
1738	1990
1739	301
1739	653
1739	1011
1739	1387
1739	1654
1739	1674
1739	1809
1739	1871
1739	1919
1740	88
1740	876
1740	929
1740	1275
1740	1364
1740	1421
1740	1659
1740	1703
1740	1935
1741	739
1741	874
1741	1630
1741	1679
1741	1837
1741	1856
1741	1911
1741	1949
1741	1995
1742	1147
1742	1510
1742	1547
1742	1680
1742	1711
1742	1830
1742	1903
1742	1969
1742	1976
1743	1018
1743	1068
1743	1335
1743	1593
1743	1790
1743	1840
1743	1887
1743	1901
1743	1916
1744	439
1744	682
1744	1223
1744	1623
1744	1678
1744	1817
1744	1826
1744	1842
1744	1954
1745	736
1745	1426
1745	1452
1745	1460
1745	1495
1745	1753
1745	1815
1745	1952
1745	1986
1746	738
1746	748
1746	1013
1746	1153
1746	1231
1746	1678
1746	1794
1746	1900
1746	1930
1747	1450
1747	1488
1747	1712
1747	1864
1747	1877
1747	1889
1747	1890
1747	1942
1747	1968
1748	1240
1748	1327
1748	1423
1748	1461
1748	1541
1748	1776
1748	1816
1748	1934
1748	1973
1748	1996
1749	589
1749	1028
1749	1086
1749	1162
1749	1498
1749	1540
1749	1595
1749	1780
1749	1797
1749	1878
1750	228
1750	611
1750	861
1750	864
1750	906
1750	1290
1750	1374
1750	1675
1750	1757
1750	1955
1751	117
1751	1267
1751	1295
1751	1645
1751	1663
1751	1697
1751	1766
1751	1888
1751	1986
1751	1994
1752	284
1752	831
1752	1029
1752	1193
1752	1377
1752	1523
1752	1636
1752	1717
1752	1885
1752	1957
1753	393
1753	588
1753	859
1753	1745
1753	1758
1753	1815
1753	1855
1753	1948
1753	1952
1753	1986
1754	75
1754	490
1754	1300
1754	1456
1754	1610
1754	1611
1754	1649
1754	1696
1754	1788
1754	1970
1755	38
1755	131
1755	308
1755	1432
1755	1544
1755	1652
1755	1665
1755	1683
1755	1892
1755	1944
1756	357
1756	886
1756	998
1756	1048
1756	1444
1756	1727
1756	1772
1756	1893
1756	1914
1756	1994
1757	196
1757	478
1757	579
1757	1156
1757	1250
1757	1280
1757	1374
1757	1479
1757	1750
1757	1948
1758	28
1758	518
1758	786
1758	1203
1758	1512
1758	1753
1758	1764
1758	1855
1758	1952
1758	1986
1759	64
1759	434
1759	498
1759	761
1759	1348
1759	1563
1759	1658
1759	1857
1759	1870
1759	1922
1760	175
1760	532
1760	831
1760	1157
1760	1237
1760	1269
1760	1377
1760	1523
1760	1885
1760	1957
1761	377
1761	517
1761	1260
1761	1405
1761	1443
1761	1629
1761	1771
1761	1861
1761	1987
1761	1996
1762	2
1762	906
1762	977
1762	989
1762	1129
1762	1190
1762	1209
1762	1280
1762	1492
1762	1955
1763	464
1763	675
1763	887
1763	1301
1763	1817
1763	1858
1763	1902
1763	1913
1763	1953
1763	1971
1764	710
1764	902
1764	1203
1764	1452
1764	1758
1764	1855
1764	1948
1764	1952
1764	1965
1764	1986
1765	887
1765	1177
1765	1578
1765	1582
1765	1858
1765	1902
1765	1913
1765	1938
1765	1953
1765	1971
1766	105
1766	108
1766	740
1766	1229
1766	1246
1766	1388
1766	1751
1766	1767
1766	1888
1766	1994
1767	55
1767	79
1767	751
1767	1035
1767	1246
1767	1295
1767	1420
1767	1552
1767	1663
1767	1766
1768	413
1768	1252
1768	1623
1768	1643
1768	1653
1768	1817
1768	1826
1768	1842
1768	1954
1768	1993
1769	425
1769	938
1769	1152
1769	1270
1769	1558
1769	1666
1769	1845
1769	1847
1769	1915
1769	1997
1770	7
1770	892
1770	1149
1770	1170
1770	1380
1770	1570
1770	1719
1770	1821
1770	1908
1770	1966
1771	858
1771	1180
1771	1367
1771	1405
1771	1509
1771	1550
1771	1629
1771	1761
1771	1861
1771	1987
1772	139
1772	844
1772	992
1772	1160
1772	1444
1772	1458
1772	1727
1772	1756
1772	1893
1772	1914
1773	204
1773	1254
1773	1278
1773	1428
1773	1504
1773	1677
1773	1737
1773	1792
1773	1907
1773	1996
1774	806
1774	837
1774	901
1774	1011
1774	1020
1774	1349
1774	1850
1774	1959
1774	1978
1774	1995
1775	416
1775	514
1775	1111
1775	1204
1775	1555
1775	1669
1775	1784
1775	1786
1775	1843
1775	1909
1776	1482
1776	1527
1776	1539
1776	1748
1776	1792
1776	1907
1776	1908
1776	1931
1776	1973
1776	1996
1777	186
1777	241
1777	252
1777	982
1777	1388
1777	1511
1777	1514
1777	1805
1777	1819
1777	1884
1778	164
1778	940
1778	1302
1778	1387
1778	1569
1778	1674
1778	1780
1778	1871
1778	1919
1778	1993
1779	321
1779	387
1779	406
1779	865
1779	1205
1779	1251
1779	1318
1779	1564
1779	1603
1779	1804
1779	2000
1780	285
1780	615
1780	1235
1780	1256
1780	1264
1780	1639
1780	1749
1780	1778
1780	1797
1780	1829
1780	1898
1781	267
1781	289
1781	404
1781	927
1781	930
1781	997
1781	1042
1781	1106
1781	1406
1781	1646
1781	1729
1782	46
1782	557
1782	1198
1782	1251
1782	1384
1782	1464
1782	1486
1782	1564
1782	1804
1782	1920
1782	2000
1783	364
1783	436
1783	1484
1783	1617
1783	1648
1783	1693
1783	1807
1783	1810
1783	1822
1783	1857
1783	1870
1784	234
1784	936
1784	1107
1784	1200
1784	1204
1784	1248
1784	1669
1784	1775
1784	1786
1784	1843
1784	1909
1785	974
1785	1433
1785	1466
1785	1519
1785	1554
1785	1574
1785	1733
1785	1852
1785	1929
1785	1933
1785	1962
1786	206
1786	1007
1786	1107
1786	1248
1786	1555
1786	1669
1786	1692
1786	1775
1786	1784
1786	1843
1786	1909
1787	156
1787	366
1787	402
1787	694
1787	1266
1787	1347
1787	1422
1787	1607
1787	1632
1787	1673
1787	1725
1788	667
1788	955
1788	1445
1788	1599
1788	1611
1788	1649
1788	1696
1788	1708
1788	1754
1788	1825
1788	1891
1789	663
1789	976
1789	1021
1789	1431
1789	1638
1789	1641
1789	1664
1789	1876
1789	1939
1789	1989
1789	1997
1790	216
1790	392
1790	913
1790	1163
1790	1538
1790	1743
1790	1793
1790	1840
1790	1887
1790	1901
1790	1916
1791	348
1791	428
1791	889
1791	968
1791	1056
1791	1110
1791	1497
1791	1798
1791	1808
1791	1862
1791	1917
1792	353
1792	1404
1792	1527
1792	1677
1792	1773
1792	1776
1792	1816
1792	1849
1792	1931
1792	1973
1792	1996
1793	180
1793	323
1793	657
1793	1187
1793	1399
1793	1518
1793	1790
1793	1840
1793	1887
1793	1901
1793	1916
1794	128
1794	190
1794	324
1794	765
1794	1017
1794	1153
1794	1231
1794	1678
1794	1746
1794	1900
1794	1930
1795	17
1795	833
1795	971
1795	1265
1795	1467
1795	1553
1795	1848
1795	1904
1795	1921
1795	1951
1795	1992
1796	9
1796	663
1796	879
1796	1305
1796	1641
1796	1664
1796	1800
1796	1828
1796	1881
1796	1939
1796	1989
1797	50
1797	299
1797	501
1797	573
1797	1514
1797	1540
1797	1639
1797	1749
1797	1780
1797	1829
1797	1972
1798	838
1798	1312
1798	1435
1798	1497
1798	1541
1798	1791
1798	1799
1798	1862
1798	1917
1798	1963
1798	1979
1799	258
1799	333
1799	759
1799	1192
1799	1250
1799	1493
1799	1541
1799	1798
1799	1808
1799	1917
1799	1963
1800	17
1800	137
1800	824
1800	1219
1800	1410
1800	1431
1800	1594
1800	1726
1800	1796
1800	1881
1800	1939
1801	385
1801	465
1801	637
1801	877
1801	937
1801	1319
1801	1354
1801	1590
1801	1706
1801	1735
1801	1897
1802	135
1802	877
1802	937
1802	1230
1802	1706
1802	1734
1802	1735
1802	1815
1802	1897
1802	1961
1802	1999
1803	456
1803	706
1803	1182
1803	1396
1803	1412
1803	1624
1803	1672
1803	1701
1803	1854
1803	1943
1803	1991
1804	1008
1804	1032
1804	1318
1804	1389
1804	1486
1804	1564
1804	1779
1804	1782
1804	1859
1804	1920
1804	2000
1805	111
1805	470
1805	616
1805	1388
1805	1402
1805	1598
1805	1644
1805	1667
1805	1777
1805	1819
1805	1884
1806	231
1806	562
1806	684
1806	726
1806	816
1806	917
1806	1528
1806	1814
1806	1878
1806	1908
1806	1966
1807	163
1807	1040
1807	1363
1807	1484
1807	1617
1807	1648
1807	1713
1807	1714
1807	1783
1807	1857
1807	1864
1807	1870
1808	472
1808	968
1808	1021
1808	1027
1808	1148
1808	1196
1808	1435
1808	1791
1808	1799
1808	1862
1808	1890
1808	1963
1809	121
1809	209
1809	301
1809	355
1809	524
1809	1097
1809	1612
1809	1633
1809	1739
1809	1919
1809	1932
1809	1993
1810	184
1810	364
1810	1040
1810	1067
1810	1158
1810	1484
1810	1563
1810	1783
1810	1822
1810	1857
1810	1870
1810	1876
1811	880
1811	996
1811	1003
1811	1026
1811	1121
1811	1338
1811	1566
1811	1662
1811	1716
1811	1891
1811	1940
1811	1951
1812	122
1812	127
1812	174
1812	289
1812	596
1812	704
1812	903
1812	1093
1812	1406
1812	1506
1812	1512
1812	1714
1813	280
1813	507
1813	891
1813	935
1813	1372
1813	1521
1813	1529
1813	1538
1813	1866
1813	1868
1813	1936
1813	1946
1814	332
1814	613
1814	1170
1814	1368
1814	1502
1814	1616
1814	1806
1814	1821
1814	1870
1814	1878
1814	1908
1814	1966
1815	858
1815	991
1815	1098
1815	1155
1815	1355
1815	1745
1815	1753
1815	1802
1815	1855
1815	1948
1815	1952
1815	1986
1816	50
1816	665
1816	1070
1816	1404
1816	1676
1816	1748
1816	1792
1816	1907
1816	1931
1816	1973
1816	1977
1816	1996
1817	113
1817	263
1817	413
1817	439
1817	1074
1817	1715
1817	1744
1817	1763
1817	1768
1817	1826
1817	1842
1817	1954
1818	612
1818	1371
1818	1381
1818	1440
1818	1459
1818	1489
1818	1525
1818	1614
1818	1628
1818	1833
1818	1912
1818	1975
1819	25
1819	495
1819	869
1819	1104
1819	1271
1819	1360
1819	1402
1819	1511
1819	1670
1819	1777
1819	1805
1819	1884
1820	525
1820	592
1820	767
1820	891
1820	1243
1820	1353
1820	1521
1820	1538
1820	1625
1820	1866
1820	1936
1820	1946
1821	624
1821	1016
1821	1019
1821	1462
1821	1507
1821	1528
1821	1770
1821	1814
1821	1878
1821	1908
1821	1963
1821	1966
1822	1049
1822	1067
1822	1069
1822	1103
1822	1158
1822	1173
1822	1484
1822	1648
1822	1693
1822	1783
1822	1810
1822	1846
1823	98
1823	151
1823	159
1823	1054
1823	1185
1823	1328
1823	1471
1823	1661
1823	1685
1823	1721
1823	1925
1823	1972
1824	639
1824	911
1824	1224
1824	1284
1824	1393
1824	1503
1824	1620
1824	1655
1824	1705
1824	1951
1824	1979
1824	1982
1825	955
1825	1006
1825	1141
1825	1430
1825	1445
1825	1456
1825	1599
1825	1611
1825	1649
1825	1708
1825	1788
1825	1985
1826	519
1826	676
1826	821
1826	1252
1826	1623
1826	1643
1826	1744
1826	1768
1826	1817
1826	1842
1826	1954
1826	1987
1827	888
1827	1041
1827	1324
1827	1474
1827	1597
1827	1621
1827	1642
1827	1688
1827	1690
1827	1707
1827	1875
1827	1937
1827	1941
1828	466
1828	515
1828	824
1828	976
1828	1171
1828	1336
1828	1557
1828	1641
1828	1664
1828	1726
1828	1796
1828	1939
1828	1989
1829	147
1829	589
1829	731
1829	1041
1829	1235
1829	1239
1829	1281
1829	1514
1829	1595
1829	1639
1829	1780
1829	1797
1829	1898
1830	21
1830	365
1830	825
1830	1411
1830	1415
1830	1680
1830	1742
1830	1869
1830	1884
1830	1903
1830	1924
1830	1969
1830	1976
1831	378
1831	1381
1831	1459
1831	1489
1831	1525
1831	1547
1831	1567
1831	1614
1831	1628
1831	1695
1831	1833
1831	1841
1831	1981
1832	22
1832	814
1832	828
1832	881
1832	1328
1832	1380
1832	1395
1832	1408
1832	1619
1832	1721
1832	1914
1832	1925
1832	1980
1833	92
1833	177
1833	813
1833	890
1833	1012
1833	1322
1833	1489
1833	1665
1833	1702
1833	1818
1833	1831
1833	1975
1833	1981
1834	402
1834	432
1834	760
1834	789
1834	900
1834	1066
1834	1138
1834	1588
1834	1631
1834	1922
1834	1927
1834	1932
1834	1950
1835	1225
1835	1259
1835	1559
1835	1846
1835	1867
1835	1938
1835	1965
1836	368
1836	382
1836	520
1836	597
1836	1120
1836	1455
1836	1515
1836	1542
1836	1626
1836	1651
1836	1691
1836	1692
1836	1926
1837	261
1837	317
1837	512
1837	874
1837	942
1837	1046
1837	1073
1837	1418
1837	1741
1837	1856
1837	1911
1837	1949
1837	1995
1838	708
1838	932
1838	1138
1838	1413
1838	1429
1838	1468
1838	1588
1838	1894
1838	1922
1838	1927
1838	1932
1838	1945
1838	1950
1839	16
1839	288
1839	499
1839	639
1839	1224
1839	1351
1839	1393
1839	1620
1839	1655
1839	1691
1839	1951
1839	1979
1839	1982
1840	390
1840	1357
1840	1534
1840	1561
1840	1650
1840	1736
1840	1743
1840	1790
1840	1793
1840	1887
1840	1901
1840	1916
1840	1956
1841	72
1841	161
1841	181
1841	601
1841	753
1841	986
1841	1272
1841	1478
1841	1702
1841	1831
1841	1912
1841	1975
1841	1981
1842	30
1842	907
1842	1252
1842	1317
1842	1476
1842	1535
1842	1643
1842	1715
1842	1744
1842	1768
1842	1817
1842	1826
1842	1954
1843	11
1843	514
1843	1007
1843	1124
1843	1204
1843	1286
1843	1442
1843	1555
1843	1669
1843	1775
1843	1784
1843	1786
1843	1909
1844	412
1844	1112
1844	1116
1844	1117
1844	1217
1844	1424
1844	1738
1844	1860
1844	1882
1844	1883
1844	1928
1844	1934
1844	1990
1845	513
1845	1270
1845	1449
1845	1503
1845	1520
1845	1540
1845	1722
1845	1769
1845	1847
1845	1905
1845	1915
1845	1961
1845	1997
1846	371
1846	484
1846	650
1846	959
1846	1266
1846	1568
1846	1573
1846	1607
1846	1632
1846	1673
1846	1725
1846	1822
1846	1835
1847	100
1847	101
1847	567
1847	784
1847	1491
1847	1526
1847	1666
1847	1769
1847	1845
1847	1905
1847	1915
1847	1952
1847	1961
1847	1997
1848	119
1848	328
1848	907
1848	941
1848	1136
1848	1296
1848	1316
1848	1407
1848	1553
1848	1795
1848	1904
1848	1921
1848	1983
1848	1992
1849	352
1849	822
1849	1292
1849	1428
1849	1461
1849	1482
1849	1677
1849	1701
1849	1737
1849	1792
1849	1907
1849	1973
1849	1978
1849	1996
1850	23
1850	51
1850	84
1850	872
1850	1020
1850	1274
1850	1394
1850	1414
1850	1555
1850	1774
1850	1910
1850	1958
1850	1959
1850	1978
1851	1
1851	627
1851	849
1851	866
1851	1108
1851	1183
1851	1231
1851	1390
1851	1584
1851	1615
1851	1873
1851	1918
1851	1964
1851	1980
1852	110
1852	210
1852	449
1852	623
1852	670
1852	989
1852	1228
1852	1263
1852	1465
1852	1520
1852	1565
1852	1728
1852	1785
1852	1920
1853	37
1853	331
1853	427
1853	482
1853	631
1853	809
1853	967
1853	1382
1853	1545
1853	1557
1853	1688
1853	1863
1853	1895
1853	1977
1854	185
1854	494
1854	846
1854	1130
1854	1150
1854	1202
1854	1214
1854	1396
1854	1624
1854	1672
1854	1803
1854	1940
1854	1943
1854	1991
1855	553
1855	736
1855	1201
1855	1269
1855	1315
1855	1426
1855	1495
1855	1753
1855	1758
1855	1764
1855	1815
1855	1952
1855	1982
1855	1986
1856	153
1856	246
1856	395
1856	423
1856	788
1856	1046
1856	1299
1856	1418
1856	1741
1856	1837
1856	1911
1856	1949
1856	1953
1856	1995
1857	325
1857	434
1857	561
1857	687
1857	761
1857	1103
1857	1348
1857	1508
1857	1617
1857	1714
1857	1759
1857	1783
1857	1807
1857	1810
1858	303
1858	415
1858	464
1858	984
1858	1044
1858	1273
1858	1457
1858	1730
1858	1763
1858	1765
1858	1896
1858	1913
1858	1966
1858	1971
1859	42
1859	69
1859	129
1859	852
1859	948
1859	993
1859	1175
1859	1536
1859	1548
1859	1604
1859	1627
1859	1689
1859	1804
1859	1899
1860	264
1860	335
1860	793
1860	916
1860	1010
1860	1385
1860	1567
1860	1738
1860	1844
1860	1882
1860	1883
1860	1928
1860	1990
1860	1998
1861	180
1861	414
1861	426
1861	840
1861	1084
1861	1220
1861	1244
1861	1367
1861	1509
1861	1517
1861	1609
1861	1761
1861	1771
1861	1987
1862	6
1862	1105
1862	1148
1862	1179
1862	1192
1862	1435
1862	1541
1862	1610
1862	1791
1862	1798
1862	1808
1862	1885
1862	1917
1862	1963
1863	651
1863	808
1863	910
1863	1012
1863	1094
1863	1434
1863	1522
1863	1545
1863	1551
1863	1654
1863	1731
1863	1853
1863	1895
1863	1977
1864	1139
1864	1276
1864	1481
1864	1513
1864	1608
1864	1712
1864	1747
1864	1807
1864	1877
1864	1889
1864	1890
1864	1942
1864	1955
1864	1968
1865	193
1865	873
1865	1311
1865	1490
1865	1681
1865	1682
1865	1698
1865	1879
1865	1894
1865	1956
1865	1974
1865	1984
1865	1988
1865	1998
1866	361
1866	643
1866	949
1866	1053
1866	1243
1866	1279
1866	1342
1866	1365
1866	1521
1866	1625
1866	1813
1866	1820
1866	1868
1866	1936
1866	1946
1867	245
1867	921
1867	1078
1867	1225
1867	1259
1867	1306
1867	1559
1867	1835
1867	1938
1867	1965
1867	1995
1868	132
1868	654
1868	957
1868	1007
1868	1125
1868	1197
1868	1463
1868	1521
1868	1532
1868	1625
1868	1734
1868	1813
1868	1866
1868	1936
1868	1946
1869	36
1869	843
1869	956
1869	1159
1869	1291
1869	1369
1869	1415
1869	1589
1869	1711
1869	1830
1869	1903
1869	1924
1869	1969
1869	1976
1869	1985
1870	152
1870	703
1870	1049
1870	1363
1870	1419
1870	1508
1870	1563
1870	1648
1870	1693
1870	1713
1870	1759
1870	1783
1870	1807
1870	1810
1870	1814
1871	24
1871	31
1871	528
1871	1030
1871	1387
1871	1446
1871	1569
1871	1592
1871	1612
1871	1654
1871	1674
1871	1686
1871	1723
1871	1739
1871	1778
1872	3
1872	86
1872	250
1872	709
1872	758
1872	845
1872	1014
1872	1079
1872	1166
1872	1232
1872	1277
1872	1283
1872	1286
1872	1487
1872	1723
1873	96
1873	173
1873	441
1873	559
1873	714
1873	849
1873	1023
1873	1321
1873	1330
1873	1390
1873	1513
1873	1615
1873	1851
1873	1918
1873	1964
1874	38
1874	429
1874	491
1874	548
1874	566
1874	962
1874	988
1874	1174
1874	1233
1874	1451
1874	1602
1874	1886
1874	1892
1874	1944
1874	1970
1875	10
1875	350
1875	396
1875	430
1875	679
1875	953
1875	1145
1875	1362
1875	1597
1875	1642
1875	1690
1875	1707
1875	1827
1875	1937
1875	1941
1876	120
1876	503
1876	527
1876	649
1876	1339
1876	1431
1876	1594
1876	1638
1876	1641
1876	1726
1876	1789
1876	1810
1876	1881
1876	1939
1876	1989
1877	298
1877	386
1877	693
1877	841
1877	1450
1877	1481
1877	1513
1877	1608
1877	1712
1877	1747
1877	1864
1877	1889
1877	1890
1877	1942
1877	1968
1878	5
1878	7
1878	222
1878	590
1878	780
1878	1186
1878	1507
1878	1528
1878	1719
1878	1749
1878	1806
1878	1814
1878	1821
1878	1908
1878	1966
1879	249
1879	689
1879	873
1879	1447
1879	1490
1879	1549
1879	1712
1879	1724
1879	1865
1879	1880
1879	1894
1879	1956
1879	1974
1879	1984
1879	1988
1879	1998
1880	227
1880	487
1880	1366
1880	1453
1880	1490
1880	1549
1880	1682
1880	1879
1880	1894
1880	1925
1880	1956
1880	1974
1880	1978
1880	1984
1880	1988
1880	1998
1881	223
1881	531
1881	724
1881	976
1881	1132
1881	1171
1881	1219
1881	1638
1881	1664
1881	1726
1881	1796
1881	1800
1881	1876
1881	1939
1881	1965
1881	1989
1882	344
1882	536
1882	817
1882	1010
1882	1115
1882	1116
1882	1217
1882	1424
1882	1448
1882	1738
1882	1844
1882	1860
1882	1883
1882	1928
1882	1990
1882	1996
1883	146
1883	254
1883	294
1883	672
1883	817
1883	871
1883	1112
1883	1217
1883	1567
1883	1606
1883	1844
1883	1860
1883	1882
1883	1928
1883	1984
1883	1990
1884	422
1884	972
1884	980
1884	1009
1884	1104
1884	1271
1884	1360
1884	1362
1884	1388
1884	1598
1884	1644
1884	1670
1884	1777
1884	1805
1884	1819
1884	1830
1885	89
1885	532
1885	622
1885	730
1885	745
1885	746
1885	952
1885	1140
1885	1157
1885	1237
1885	1315
1885	1659
1885	1752
1885	1760
1885	1862
1885	1957
1886	566
1886	922
1886	994
1886	1122
1886	1233
1886	1451
1886	1469
1886	1540
1886	1602
1886	1652
1886	1687
1886	1874
1886	1892
1886	1919
1886	1944
1886	1970
1887	392
1887	741
1887	1357
1887	1399
1887	1506
1887	1518
1887	1534
1887	1561
1887	1596
1887	1736
1887	1743
1887	1790
1887	1793
1887	1840
1887	1901
1887	1916
1888	80
1888	242
1888	582
1888	585
1888	608
1888	614
1888	751
1888	1131
1888	1229
1888	1267
1888	1552
1888	1732
1888	1751
1888	1766
1888	1948
1888	1994
1889	403
1889	558
1889	569
1889	728
1889	970
1889	1276
1889	1481
1889	1513
1889	1608
1889	1712
1889	1747
1889	1864
1889	1877
1889	1890
1889	1942
1889	1968
1890	251
1890	670
1890	693
1890	934
1890	970
1890	1139
1890	1488
1890	1608
1890	1712
1890	1747
1890	1808
1890	1864
1890	1877
1890	1889
1890	1942
1890	1968
1891	100
1891	425
1891	823
1891	880
1891	996
1891	1003
1891	1036
1891	1218
1891	1338
1891	1472
1891	1566
1891	1662
1891	1716
1891	1788
1891	1811
1891	1940
1892	124
1892	249
1892	568
1892	800
1892	994
1892	1063
1892	1451
1892	1469
1892	1560
1892	1602
1892	1652
1892	1683
1892	1755
1892	1874
1892	1886
1892	1970
1893	68
1893	139
1893	535
1893	720
1893	844
1893	886
1893	975
1893	998
1893	1048
1893	1160
1893	1316
1893	1458
1893	1657
1893	1727
1893	1756
1893	1772
1893	1914
1894	362
1894	446
1894	1366
1894	1447
1894	1549
1894	1682
1894	1698
1894	1838
1894	1865
1894	1879
1894	1880
1894	1937
1894	1956
1894	1974
1894	1984
1894	1988
1894	1998
1895	67
1895	195
1895	213
1895	259
1895	311
1895	540
1895	910
1895	1012
1895	1094
1895	1144
1895	1434
1895	1522
1895	1551
1895	1557
1895	1584
1895	1853
1895	1863
1896	202
1896	208
1896	316
1896	660
1896	926
1896	1031
1896	1102
1896	1220
1896	1273
1896	1480
1896	1582
1896	1587
1896	1858
1896	1902
1896	1913
1896	1953
1896	1971
1897	35
1897	321
1897	437
1897	877
1897	884
1897	928
1897	1035
1897	1142
1897	1249
1897	1314
1897	1647
1897	1706
1897	1730
1897	1734
1897	1801
1897	1802
1897	1999
1898	147
1898	573
1898	939
1898	986
1898	1028
1898	1162
1898	1189
1898	1235
1898	1239
1898	1264
1898	1281
1898	1498
1898	1595
1898	1635
1898	1639
1898	1780
1898	1829
1899	66
1899	211
1899	212
1899	315
1899	625
1899	852
1899	883
1899	978
1899	1307
1899	1460
1899	1536
1899	1604
1899	1627
1899	1666
1899	1689
1899	1694
1899	1859
1900	128
1900	190
1900	418
1900	475
1900	547
1900	619
1900	706
1900	776
1900	807
1900	1013
1900	1017
1900	1101
1900	1551
1900	1678
1900	1746
1900	1794
1900	1930
1901	243
1901	913
1901	1068
1901	1357
1901	1399
1901	1518
1901	1534
1901	1561
1901	1596
1901	1736
1901	1743
1901	1790
1901	1793
1901	1840
1901	1887
1901	1916
1901	1960
1902	887
1902	926
1902	1031
1902	1073
1902	1092
1902	1177
1902	1268
1902	1578
1902	1635
1902	1730
1902	1763
1902	1765
1902	1896
1902	1913
1902	1945
1902	1953
1902	1971
1903	26
1903	587
1903	658
1903	727
1903	825
1903	1127
1903	1291
1903	1369
1903	1415
1903	1632
1903	1705
1903	1711
1903	1742
1903	1830
1903	1869
1903	1924
1903	1969
1903	1976
1904	541
1904	894
1904	1082
1904	1123
1904	1136
1904	1146
1904	1247
1904	1297
1904	1392
1904	1407
1904	1553
1904	1556
1904	1585
1904	1795
1904	1848
1904	1921
1904	1967
1904	1992
1905	141
1905	238
1905	1045
1905	1152
1905	1340
1905	1449
1905	1491
1905	1503
1905	1526
1905	1531
1905	1558
1905	1666
1905	1845
1905	1847
1905	1915
1905	1956
1905	1961
1905	1997
1906	32
1906	57
1906	158
1906	533
1906	564
1906	711
1906	722
1906	832
1906	1258
1906	1345
1906	1376
1906	1485
1906	1494
1906	1501
1906	1650
1906	1923
1906	1967
1906	1983
1907	381
1907	762
1907	1215
1907	1475
1907	1482
1907	1539
1907	1618
1907	1670
1907	1676
1907	1677
1907	1773
1907	1776
1907	1816
1907	1849
1907	1931
1907	1934
1907	1973
1907	1996
1908	179
1908	562
1908	781
1908	1149
1908	1368
1908	1502
1908	1507
1908	1528
1908	1616
1908	1676
1908	1719
1908	1770
1908	1776
1908	1806
1908	1814
1908	1821
1908	1878
1908	1966
1909	11
1909	206
1909	416
1909	554
1909	645
1909	936
1909	1107
1909	1124
1909	1204
1909	1248
1909	1289
1909	1555
1909	1669
1909	1775
1909	1784
1909	1786
1909	1843
1909	1988
1910	193
1910	474
1910	721
1910	802
1910	837
1910	1011
1910	1033
1910	1057
1910	1143
1910	1207
1910	1333
1910	1394
1910	1637
1910	1728
1910	1850
1910	1958
1910	1959
1910	1978
1911	14
1911	276
1911	457
1911	481
1911	577
1911	774
1911	854
1911	1113
1911	1191
1911	1299
1911	1595
1911	1679
1911	1741
1911	1837
1911	1856
1911	1932
1911	1949
1911	1995
1912	92
1912	201
1912	235
1912	443
1912	1234
1912	1272
1912	1371
1912	1397
1912	1427
1912	1459
1912	1489
1912	1614
1912	1665
1912	1818
1912	1841
1912	1955
1912	1975
1912	1981
1913	192
1913	303
1913	424
1913	634
1913	956
1913	1051
1913	1282
1913	1301
1913	1457
1913	1578
1913	1582
1913	1635
1913	1730
1913	1763
1913	1765
1913	1858
1913	1896
1913	1902
1913	1971
1914	68
1914	357
1914	535
1914	549
1914	720
1914	757
1914	844
1914	886
1914	975
1914	998
1914	1160
1914	1444
1914	1458
1914	1727
1914	1756
1914	1772
1914	1832
1914	1893
1914	1977
1915	70
1915	215
1915	302
1915	410
1915	691
1915	938
1915	1000
1915	1449
1915	1526
1915	1558
1915	1605
1915	1722
1915	1769
1915	1845
1915	1847
1915	1905
1915	1933
1915	1961
1915	1997
1916	243
1916	390
1916	803
1916	913
1916	1018
1916	1068
1916	1335
1916	1357
1916	1518
1916	1534
1916	1561
1916	1736
1916	1743
1916	1790
1916	1793
1916	1840
1916	1887
1916	1901
1916	1975
1917	125
1917	221
1917	260
1917	584
1917	608
1917	712
1917	779
1917	968
1917	1179
1917	1341
1917	1435
1917	1497
1917	1541
1917	1791
1917	1798
1917	1799
1917	1862
1917	1963
1917	1964
1918	96
1918	133
1918	291
1918	341
1918	502
1918	538
1918	559
1918	714
1918	866
1918	1164
1918	1183
1918	1330
1918	1390
1918	1440
1918	1584
1918	1615
1918	1851
1918	1873
1918	1964
1919	24
1919	164
1919	209
1919	374
1919	702
1919	904
1919	918
1919	925
1919	940
1919	1446
1919	1569
1919	1612
1919	1654
1919	1686
1919	1739
1919	1778
1919	1809
1919	1886
1919	1993
1920	406
1920	435
1920	695
1920	827
1920	865
1920	1032
1920	1198
1920	1205
1920	1251
1920	1318
1920	1384
1920	1389
1920	1454
1920	1486
1920	1603
1920	1782
1920	1804
1920	1852
1920	2000
1921	119
1921	198
1921	372
1921	399
1921	833
1921	971
1921	1146
1921	1241
1921	1247
1921	1296
1921	1392
1921	1407
1921	1467
1921	1585
1921	1795
1921	1848
1921	1904
1921	1992
1921	2000
1922	155
1922	726
1922	835
1922	900
1922	923
1922	1161
1922	1334
1922	1403
1922	1429
1922	1436
1922	1546
1922	1593
1922	1671
1922	1729
1922	1759
1922	1834
1922	1838
1922	1927
1922	1950
1923	43
1923	166
1923	370
1923	454
1923	944
1923	947
1923	1056
1923	1258
1923	1345
1923	1376
1923	1416
1923	1485
1923	1494
1923	1501
1923	1641
1923	1650
1923	1906
1923	1967
1923	1983
1924	8
1924	21
1924	365
1924	445
1924	658
1924	705
1924	911
1924	1159
1924	1369
1924	1510
1924	1589
1924	1680
1924	1711
1924	1830
1924	1869
1924	1903
1924	1969
1924	1976
1924	1993
1925	151
1925	278
1925	314
1925	504
1925	510
1925	763
1925	810
1925	819
1925	828
1925	881
1925	1278
1925	1395
1925	1661
1925	1721
1925	1823
1925	1832
1925	1880
1925	1972
1925	1980
1926	44
1926	107
1926	232
1926	431
1926	773
1926	1038
1926	1083
1926	1210
1926	1255
1926	1275
1926	1285
1926	1287
1926	1379
1926	1421
1926	1659
1926	1703
1926	1836
1926	1935
1926	1994
1927	167
1927	199
1927	468
1927	469
1927	789
1927	923
1927	1066
1927	1245
1927	1403
1927	1436
1927	1468
1927	1613
1927	1707
1927	1729
1927	1834
1927	1838
1927	1922
1927	1945
1927	1950
1928	248
1928	295
1928	483
1928	593
1928	649
1928	817
1928	871
1928	1112
1928	1117
1928	1266
1928	1424
1928	1448
1928	1567
1928	1738
1928	1844
1928	1860
1928	1882
1928	1883
1928	1974
1928	1990
1929	53
1929	86
1929	102
1929	356
1929	574
1929	791
1929	947
1929	1115
1929	1433
1929	1437
1929	1438
1929	1466
1929	1519
1929	1543
1929	1554
1929	1574
1929	1733
1929	1785
1929	1933
1929	1962
1930	272
1930	324
1930	418
1930	547
1930	619
1930	648
1930	737
1930	748
1930	776
1930	807
1930	1013
1930	1017
1930	1101
1930	1153
1930	1231
1930	1678
1930	1746
1930	1794
1930	1900
1930	1957
1931	305
1931	443
1931	463
1931	610
1931	822
1931	1215
1931	1240
1931	1308
1931	1461
1931	1475
1931	1527
1931	1676
1931	1737
1931	1776
1931	1792
1931	1816
1931	1907
1931	1934
1931	1973
1931	1996
1932	76
1932	296
1932	469
1932	785
1932	847
1932	853
1932	863
1932	919
1932	1005
1932	1436
1932	1588
1932	1606
1932	1631
1932	1729
1932	1809
1932	1834
1932	1838
1932	1911
1932	1945
1932	1950
1933	93
1933	356
1933	591
1933	893
1933	947
1933	974
1933	1115
1933	1187
1933	1437
1933	1438
1933	1439
1933	1466
1933	1543
1933	1554
1933	1574
1933	1733
1933	1785
1933	1915
1933	1929
1933	1962
1934	352
1934	1070
1934	1254
1934	1292
1934	1404
1934	1423
1934	1428
1934	1441
1934	1475
1934	1527
1934	1539
1934	1649
1934	1676
1934	1737
1934	1748
1934	1844
1934	1907
1934	1931
1934	1973
1934	1996
1935	264
1935	269
1935	768
1935	792
1935	929
1935	946
1935	1081
1935	1083
1935	1119
1935	1242
1935	1275
1935	1336
1935	1379
1935	1421
1935	1537
1935	1659
1935	1703
1935	1740
1935	1926
1935	1954
1936	115
1936	455
1936	935
1936	961
1936	1053
1936	1095
1936	1125
1936	1213
1936	1302
1936	1342
1936	1463
1936	1576
1936	1625
1936	1698
1936	1725
1936	1813
1936	1820
1936	1866
1936	1868
1936	1946
1937	45
1937	350
1937	430
1937	679
1937	851
1937	951
1937	960
1937	975
1937	1039
1937	1324
1937	1597
1937	1621
1937	1642
1937	1688
1937	1690
1937	1707
1937	1827
1937	1875
1937	1894
1937	1941
1938	142
1938	148
1938	154
1938	268
1938	359
1938	369
1938	473
1938	544
1938	697
1938	772
1938	921
1938	1078
1938	1225
1938	1259
1938	1293
1938	1306
1938	1559
1938	1765
1938	1835
1938	1867
1938	1965
1939	9
1939	169
1939	224
1939	307
1939	552
1939	646
1939	744
1939	1132
1939	1339
1939	1410
1939	1638
1939	1664
1939	1726
1939	1789
1939	1796
1939	1800
1939	1828
1939	1876
1939	1881
1939	1973
1939	1989
1940	97
1940	247
1940	307
1940	345
1940	372
1940	605
1940	823
1940	1002
1940	1003
1940	1026
1940	1121
1940	1194
1940	1218
1940	1338
1940	1472
1940	1566
1940	1662
1940	1716
1940	1811
1940	1854
1940	1891
1941	146
1941	191
1941	396
1941	851
1941	951
1941	953
1941	960
1941	1041
1941	1145
1941	1362
1941	1398
1941	1474
1941	1597
1941	1621
1941	1642
1941	1688
1941	1707
1941	1827
1941	1875
1941	1937
1941	1955
1942	346
1942	386
1942	558
1942	638
1942	656
1942	799
1942	1051
1942	1139
1942	1450
1942	1481
1942	1488
1942	1513
1942	1608
1942	1712
1942	1737
1942	1747
1942	1864
1942	1877
1942	1889
1942	1890
1942	1968
1943	18
1943	41
1943	293
1943	420
1943	812
1943	864
1943	945
1943	1126
1943	1130
1943	1150
1943	1202
1943	1214
1943	1396
1943	1412
1943	1624
1943	1672
1943	1701
1943	1803
1943	1854
1943	1988
1943	1991
1944	34
1944	548
1944	640
1944	868
1944	870
1944	1122
1944	1227
1944	1233
1944	1432
1944	1451
1944	1469
1944	1544
1944	1560
1944	1613
1944	1652
1944	1683
1944	1687
1944	1735
1944	1755
1944	1874
1944	1886
1945	417
1945	432
1945	444
1945	814
1945	835
1945	853
1945	863
1945	900
1945	932
1945	1005
1945	1245
1945	1346
1945	1468
1945	1546
1945	1588
1945	1593
1945	1636
1945	1729
1945	1838
1945	1902
1945	1927
1945	1932
1946	595
1946	908
1946	935
1946	957
1946	961
1946	1075
1946	1133
1946	1197
1946	1243
1946	1279
1946	1289
1946	1302
1946	1329
1946	1342
1946	1463
1946	1521
1946	1625
1946	1813
1946	1820
1946	1866
1946	1868
1946	1936
1947	266
1947	451
1947	500
1947	583
1947	647
1947	692
1947	729
1947	796
1947	999
1947	1044
1947	1090
1947	1335
1947	1340
1947	1356
1947	1473
1947	1505
1947	1530
1947	1579
1947	1583
1947	1586
1947	1704
1947	1960
1948	28
1948	58
1948	290
1948	518
1948	700
1948	710
1948	859
1948	902
1948	954
1948	991
1948	1024
1948	1201
1948	1269
1948	1426
1948	1495
1948	1753
1948	1757
1948	1764
1948	1815
1948	1888
1948	1952
1948	1986
1949	48
1949	114
1949	138
1949	183
1949	261
1949	423
1949	457
1949	618
1949	739
1949	788
1949	1071
1949	1113
1949	1418
1949	1499
1949	1630
1949	1679
1949	1741
1949	1837
1949	1856
1949	1911
1949	1971
1949	1995
1950	118
1950	521
1950	602
1950	769
1950	1151
1950	1245
1950	1334
1950	1403
1950	1436
1950	1489
1950	1593
1950	1606
1950	1613
1950	1631
1950	1636
1950	1671
1950	1834
1950	1838
1950	1922
1950	1927
1950	1932
1950	1968
1951	16
1951	52
1951	116
1951	818
1951	1154
1951	1211
1951	1222
1951	1224
1951	1303
1951	1310
1951	1364
1951	1393
1951	1524
1951	1620
1951	1655
1951	1705
1951	1795
1951	1811
1951	1824
1951	1839
1951	1979
1951	1982
1952	58
1952	99
1952	106
1952	194
1952	902
1952	991
1952	1024
1952	1050
1952	1155
1952	1201
1952	1238
1952	1452
1952	1495
1952	1745
1952	1753
1952	1758
1952	1764
1952	1815
1952	1847
1952	1855
1952	1948
1952	1986
1953	202
1953	233
1953	237
1953	316
1953	660
1953	698
1953	836
1953	855
1953	926
1953	1073
1953	1177
1953	1268
1953	1480
1953	1582
1953	1635
1953	1730
1953	1763
1953	1765
1953	1856
1953	1896
1953	1902
1953	1971
1954	226
1954	263
1954	519
1954	666
1954	676
1954	682
1954	1294
1954	1317
1954	1373
1954	1476
1954	1535
1954	1623
1954	1643
1954	1653
1954	1680
1954	1715
1954	1744
1954	1768
1954	1817
1954	1826
1954	1842
1954	1935
1955	15
1955	196
1955	228
1955	478
1955	579
1955	611
1955	861
1955	1129
1955	1156
1955	1190
1955	1209
1955	1250
1955	1280
1955	1290
1955	1374
1955	1479
1955	1492
1955	1675
1955	1750
1955	1762
1955	1864
1955	1912
1955	1941
1956	71
1956	476
1956	908
1956	914
1956	1195
1956	1311
1956	1361
1956	1453
1956	1615
1956	1681
1956	1682
1956	1698
1956	1724
1956	1840
1956	1865
1956	1879
1956	1880
1956	1894
1956	1905
1956	1974
1956	1984
1956	1988
1956	1998
1957	47
1957	89
1957	284
1957	730
1957	745
1957	860
1957	981
1957	1029
1957	1076
1957	1087
1957	1091
1957	1134
1957	1140
1957	1157
1957	1237
1957	1315
1957	1401
1957	1523
1957	1717
1957	1752
1957	1760
1957	1885
1957	1930
1958	239
1958	265
1958	336
1958	373
1958	453
1958	492
1958	738
1958	802
1958	897
1958	969
1958	1033
1958	1057
1958	1059
1958	1141
1958	1188
1958	1349
1958	1394
1958	1414
1958	1504
1958	1637
1958	1850
1958	1910
1958	1978
1959	84
1959	94
1959	239
1959	336
1959	474
1959	837
1959	969
1959	1020
1959	1033
1959	1037
1959	1143
1959	1168
1959	1207
1959	1333
1959	1394
1959	1414
1959	1637
1959	1731
1959	1774
1959	1850
1959	1910
1959	1978
1959	1983
1960	379
1960	384
1960	451
1960	644
1960	692
1960	749
1960	796
1960	842
1960	882
1960	999
1960	1043
1960	1044
1960	1054
1960	1090
1960	1216
1960	1355
1960	1473
1960	1505
1960	1583
1960	1586
1960	1704
1960	1901
1960	1947
1961	101
1961	341
1961	405
1961	923
1961	1045
1961	1128
1961	1262
1961	1449
1961	1491
1961	1503
1961	1526
1961	1531
1961	1558
1961	1605
1961	1666
1961	1722
1961	1802
1961	1845
1961	1847
1961	1905
1961	1915
1961	1967
1961	1997
1962	13
1962	53
1962	340
1962	491
1962	574
1962	591
1962	893
1962	974
1962	1221
1962	1433
1962	1437
1962	1438
1962	1439
1962	1466
1962	1519
1962	1543
1962	1574
1962	1720
1962	1733
1962	1785
1962	1929
1962	1933
1962	1963
1963	221
1963	257
1963	459
1963	759
1963	779
1963	805
1963	838
1963	869
1963	1027
1963	1105
1963	1110
1963	1148
1963	1192
1963	1248
1963	1493
1963	1497
1963	1798
1963	1799
1963	1808
1963	1821
1963	1862
1963	1917
1963	1962
1964	1
1964	291
1964	441
1964	496
1964	538
1964	594
1964	627
1964	723
1964	728
1964	742
1964	849
1964	1023
1964	1108
1964	1164
1964	1183
1964	1390
1964	1440
1964	1584
1964	1615
1964	1851
1964	1873
1964	1917
1964	1918
1965	142
1965	148
1965	154
1965	188
1965	245
1965	268
1965	359
1965	369
1965	473
1965	544
1965	697
1965	772
1965	921
1965	1078
1965	1225
1965	1259
1965	1306
1965	1559
1965	1764
1965	1835
1965	1867
1965	1881
1965	1938
1966	222
1966	274
1966	360
1966	516
1966	624
1966	684
1966	780
1966	892
1966	898
1966	1019
1966	1170
1966	1186
1966	1378
1966	1462
1966	1502
1966	1570
1966	1616
1966	1770
1966	1806
1966	1814
1966	1821
1966	1858
1966	1878
1966	1908
1967	12
1967	57
1967	126
1967	454
1967	460
1967	533
1967	711
1967	832
1967	909
1967	944
1967	987
1967	1258
1967	1345
1967	1376
1967	1416
1967	1485
1967	1494
1967	1501
1967	1650
1967	1904
1967	1906
1967	1923
1967	1961
1967	1983
1968	251
1968	298
1968	346
1968	638
1968	648
1968	656
1968	799
1968	841
1968	934
1968	970
1968	1207
1968	1276
1968	1450
1968	1481
1968	1488
1968	1608
1968	1712
1968	1747
1968	1864
1968	1877
1968	1889
1968	1890
1968	1942
1968	1950
1969	8
1969	26
1969	529
1969	550
1969	570
1969	820
1969	825
1969	843
1969	1052
1969	1147
1969	1159
1969	1291
1969	1411
1969	1510
1969	1589
1969	1680
1969	1695
1969	1711
1969	1742
1969	1830
1969	1869
1969	1903
1969	1924
1969	1976
1970	112
1970	219
1970	419
1970	429
1970	604
1970	683
1970	770
1970	800
1970	862
1970	868
1970	922
1970	962
1970	1122
1970	1227
1970	1432
1970	1451
1970	1544
1970	1652
1970	1683
1970	1687
1970	1754
1970	1874
1970	1886
1970	1892
1971	19
1971	65
1971	208
1971	424
1971	836
1971	855
1971	1031
1971	1051
1971	1220
1971	1282
1971	1457
1971	1480
1971	1582
1971	1587
1971	1635
1971	1730
1971	1763
1971	1765
1971	1858
1971	1896
1971	1902
1971	1913
1971	1949
1971	1953
1971	1991
1972	159
1972	181
1972	278
1972	400
1972	504
1972	510
1972	555
1972	677
1972	810
1972	1058
1972	1114
1972	1185
1972	1278
1972	1380
1972	1408
1972	1409
1972	1471
1972	1619
1972	1661
1972	1685
1972	1721
1972	1797
1972	1823
1972	1925
1972	1980
1973	335
1973	381
1973	493
1973	896
1973	1240
1973	1292
1973	1327
1973	1423
1973	1441
1973	1461
1973	1482
1973	1504
1973	1527
1973	1676
1973	1677
1973	1737
1973	1748
1973	1776
1973	1792
1973	1816
1973	1849
1973	1907
1973	1931
1973	1934
1973	1939
1973	1996
1974	279
1974	343
1974	476
1974	750
1974	771
1974	818
1974	1135
1974	1195
1974	1350
1974	1366
1974	1447
1974	1453
1974	1589
1974	1681
1974	1682
1974	1698
1974	1724
1974	1865
1974	1879
1974	1880
1974	1894
1974	1928
1974	1956
1974	1984
1974	1988
1974	1998
1975	176
1975	203
1975	235
1975	753
1975	841
1975	1072
1975	1236
1975	1322
1975	1371
1975	1372
1975	1397
1975	1442
1975	1459
1975	1525
1975	1547
1975	1628
1975	1663
1975	1665
1975	1695
1975	1702
1975	1818
1975	1833
1975	1841
1975	1912
1975	1916
1975	1981
1976	347
1976	398
1976	445
1976	529
1976	570
1976	587
1976	705
1976	719
1976	820
1976	843
1976	1127
1976	1147
1976	1291
1976	1369
1976	1411
1976	1415
1976	1510
1976	1589
1976	1680
1976	1711
1976	1742
1976	1830
1976	1869
1976	1903
1976	1924
1976	1969
1977	39
1977	130
1977	213
1977	214
1977	230
1977	259
1977	540
1977	543
1977	631
1977	801
1977	808
1977	1061
1977	1144
1977	1382
1977	1434
1977	1476
1977	1522
1977	1545
1977	1551
1977	1557
1977	1577
1977	1731
1977	1816
1977	1853
1977	1863
1977	1914
1978	51
1978	265
1978	373
1978	479
1978	721
1978	806
1978	872
1978	897
1978	901
1978	1037
1978	1059
1978	1168
1978	1207
1978	1274
1978	1333
1978	1349
1978	1394
1978	1410
1978	1637
1978	1774
1978	1849
1978	1850
1978	1880
1978	1910
1978	1958
1978	1959
1979	61
1979	73
1979	187
1979	255
1979	271
1979	546
1979	571
1979	599
1979	661
1979	1154
1979	1211
1979	1284
1979	1298
1979	1303
1979	1351
1979	1364
1979	1393
1979	1524
1979	1620
1979	1655
1979	1705
1979	1798
1979	1824
1979	1839
1979	1951
1979	1982
1980	10
1980	240
1980	314
1980	508
1980	522
1980	578
1980	717
1980	782
1980	794
1980	819
1980	828
1980	881
1980	895
1980	1058
1980	1185
1980	1328
1980	1403
1980	1409
1980	1471
1980	1661
1980	1685
1980	1721
1980	1832
1980	1851
1980	1925
1980	1972
1981	55
1981	157
1981	161
1981	201
1981	203
1981	433
1981	612
1981	986
1981	1236
1981	1272
1981	1371
1981	1372
1981	1427
1981	1488
1981	1525
1981	1614
1981	1628
1981	1660
1981	1665
1981	1695
1981	1702
1981	1831
1981	1833
1981	1841
1981	1912
1981	1975
1982	116
1982	255
1982	288
1982	496
1982	571
1982	599
1982	790
1982	911
1982	1154
1982	1211
1982	1222
1982	1284
1982	1303
1982	1310
1982	1351
1982	1364
1982	1524
1982	1655
1982	1705
1982	1824
1982	1839
1982	1855
1982	1951
1982	1979
1982	1990
1982	1995
1983	12
1983	32
1983	33
1983	74
1983	126
1983	460
1983	485
1983	583
1983	696
1983	722
1983	832
1983	944
1983	987
1983	1056
1983	1258
1983	1345
1983	1376
1983	1485
1983	1494
1983	1501
1983	1650
1983	1848
1983	1906
1983	1923
1983	1959
1983	1967
1984	60
1984	71
1984	78
1984	227
1984	282
1984	286
1984	329
1984	598
1984	771
1984	1067
1984	1088
1984	1350
1984	1447
1984	1681
1984	1682
1984	1698
1984	1724
1984	1865
1984	1879
1984	1880
1984	1883
1984	1894
1984	1956
1984	1974
1984	1988
1984	1998
1985	54
1985	59
1985	304
1985	452
1985	509
1985	539
1985	664
1985	685
1985	688
1985	701
1985	867
1985	920
1985	931
1985	963
1985	992
1985	1047
1985	1100
1985	1172
1985	1199
1985	1206
1985	1208
1985	1365
1985	1562
1985	1657
1985	1710
1985	1825
1985	1869
1986	25
1986	82
1986	95
1986	99
1986	194
1986	290
1986	461
1986	786
1986	859
1986	954
1986	1098
1986	1155
1986	1201
1986	1238
1986	1355
1986	1426
1986	1452
1986	1534
1986	1745
1986	1751
1986	1753
1986	1758
1986	1764
1986	1815
1986	1855
1986	1948
1986	1952
1987	98
1987	104
1987	207
1987	377
1987	426
1987	560
1987	668
1987	699
1987	830
1987	912
1987	1084
1987	1118
1987	1119
1987	1244
1987	1343
1987	1367
1987	1400
1987	1405
1987	1478
1987	1517
1987	1550
1987	1609
1987	1629
1987	1761
1987	1771
1987	1826
1987	1861
1988	81
1988	487
1988	598
1988	689
1988	873
1988	914
1988	1135
1988	1195
1988	1311
1988	1366
1988	1385
1988	1447
1988	1490
1988	1549
1988	1681
1988	1682
1988	1724
1988	1865
1988	1879
1988	1880
1988	1894
1988	1909
1988	1943
1988	1956
1988	1974
1988	1984
1988	1998
1989	46
1989	103
1989	120
1989	133
1989	137
1989	224
1989	331
1989	466
1989	552
1989	673
1989	744
1989	765
1989	798
1989	845
1989	1132
1989	1234
1989	1324
1989	1431
1989	1479
1989	1638
1989	1726
1989	1789
1989	1796
1989	1828
1989	1876
1989	1881
1989	1939
1990	49
1990	91
1990	240
1990	248
1990	295
1990	344
1990	536
1990	564
1990	672
1990	690
1990	793
1990	916
1990	1010
1990	1116
1990	1117
1990	1217
1990	1295
1990	1385
1990	1448
1990	1567
1990	1738
1990	1844
1990	1860
1990	1882
1990	1883
1990	1928
1990	1982
1991	185
1991	293
1991	420
1991	494
1991	505
1991	659
1991	686
1991	707
1991	741
1991	812
1991	945
1991	1126
1991	1130
1991	1150
1991	1182
1991	1202
1991	1214
1991	1396
1991	1412
1991	1556
1991	1624
1991	1672
1991	1701
1991	1803
1991	1854
1991	1943
1991	1971
1992	198
1992	328
1992	351
1992	563
1992	823
1992	894
1992	909
1992	941
1992	971
1992	1082
1992	1123
1992	1136
1992	1146
1992	1241
1992	1265
1992	1296
1992	1297
1992	1316
1992	1392
1992	1467
1992	1553
1992	1556
1992	1585
1992	1795
1992	1848
1992	1904
1992	1921
1993	31
1993	109
1993	170
1993	297
1993	524
1993	528
1993	628
1993	653
1993	680
1993	904
1993	925
1993	966
1993	1030
1993	1097
1993	1446
1993	1569
1993	1592
1993	1612
1993	1633
1993	1654
1993	1674
1993	1686
1993	1768
1993	1778
1993	1809
1993	1919
1993	1924
1994	29
1994	80
1994	125
1994	242
1994	632
1994	674
1994	733
1994	766
1994	778
1994	830
1994	850
1994	1064
1994	1194
1994	1246
1994	1253
1994	1386
1994	1552
1994	1645
1994	1663
1994	1697
1994	1700
1994	1716
1994	1732
1994	1751
1994	1756
1994	1766
1994	1888
1994	1926
1995	102
1995	114
1995	138
1995	153
1995	178
1995	183
1995	246
1995	481
1995	493
1995	577
1995	618
1995	774
1995	874
1995	942
1995	1071
1995	1191
1995	1299
1995	1418
1995	1499
1995	1679
1995	1741
1995	1774
1995	1837
1995	1856
1995	1867
1995	1911
1995	1949
1995	1982
1996	182
1996	204
1996	479
1996	762
1996	822
1996	896
1996	1308
1996	1327
1996	1404
1996	1423
1996	1428
1996	1475
1996	1482
1996	1527
1996	1676
1996	1737
1996	1748
1996	1761
1996	1773
1996	1776
1996	1792
1996	1816
1996	1849
1996	1882
1996	1907
1996	1931
1996	1934
1996	1973
1997	4
1997	70
1997	215
1997	405
1997	513
1997	567
1997	691
1997	826
1997	1000
1997	1045
1997	1128
1997	1152
1997	1270
1997	1434
1997	1449
1997	1491
1997	1503
1997	1531
1997	1558
1997	1605
1997	1666
1997	1722
1997	1769
1997	1789
1997	1845
1997	1847
1997	1905
1997	1915
1997	1961
1998	60
1998	81
1998	300
1998	329
1998	446
1998	908
1998	914
1998	1088
1998	1135
1998	1306
1998	1311
1998	1350
1998	1361
1998	1453
1998	1457
1998	1490
1998	1549
1998	1682
1998	1698
1998	1724
1998	1860
1998	1865
1998	1879
1998	1880
1998	1894
1998	1956
1998	1974
1998	1984
1998	1988
1999	35
1999	135
1999	160
1999	171
1999	244
1999	437
1999	450
1999	530
1999	576
1999	637
1999	718
1999	834
1999	846
1999	929
1999	958
1999	995
1999	1015
1999	1022
1999	1034
1999	1319
1999	1354
1999	1375
1999	1590
1999	1684
1999	1706
1999	1734
1999	1735
1999	1802
1999	1897
2000	30
2000	262
2000	313
2000	387
2000	435
2000	557
2000	695
2000	827
2000	865
2000	1008
2000	1032
2000	1198
2000	1205
2000	1251
2000	1273
2000	1318
2000	1384
2000	1389
2000	1454
2000	1464
2000	1486
2000	1564
2000	1603
2000	1713
2000	1779
2000	1782
2000	1804
2000	1920
2000	1921
