36 2
857 2
857 6
857 94
857 103
857 191
857 755
857 342
857 795
857 840
1648 2
1648 1121
2010 2
2010 1547
2010 942
2010 1371
2010 1682
2025 2
2025 2022
235 3
1377 3
1377 1036
1377 346
1489 3
1489 235
672 4
672 249
1444 4
1444 672
1444 249
1444 74
1444 1244
42 7
1126 7
1126 625
1126 692
1126 873
1126 976
536 8
536 123
536 395
536 151
536 398
536 253
536 148
536 187
536 313
420 9
648 9
648 384
1646 9
1646 648
1166 10
1166 691
1166 128
1166 1157
1183 10
1183 680
1183 631
1183 127
1183 843
1183 231
1183 679
1183 279
1183 137
1183 144
1183 271
1183 1063
1183 158
1183 489
1183 214
1183 377
1183 879
1183 722
1183 329
1183 357
1183 364
1183 388
1183 721
1183 762
1183 764
1183 774
1183 782
1183 795
1183 886
1183 836
1183 1043
1621 10
1621 1497
614 11
680 11
680 377
680 512
680 542
1000 11
1000 377
326 12
1417 13
109 14
109 102
233 14
233 199
427 14
871 14
871 638
871 650
909 14
909 15
909 123
1057 14
1352 14
1739 14
1739 109
1754 14
123 15
123 52
366 15
366 305
366 267
687 15
1125 15
1125 52
1125 376
1125 746
1125 236
1548 15
1548 366
1548 305
1548 951
1548 816
1715 15
1715 123
1715 1365
1733 15
1734 15
1735 15
1736 15
150 17
631 17
631 125
631 609
631 591
819 17
819 24
819 45
819 92
819 95
819 308
819 189
819 197
819 750
819 495
819 517
819 528
819 737
819 556
819 701
1074 17
1843 17
1843 24
1843 625
1843 185
1843 1759
1843 1499
482 18
1365 18
1365 398
1365 100
1365 1185
1365 1344
1587 19
1587 1521
113 21
319 21
1093 22
1255 22
1255 1093
1606 22
1606 1093
1606 1255
506 23
506 72
506 74
506 212
506 314
506 345
506 408
1219 1183
1219 24
1219 520
1219 308
1219 111
1219 186
1219 443
1219 272
1219 965
1219 336
1219 636
1219 742
1219 796
1219 886
1219 959
1219 940
1219 970
1219 1144
1789 24
1789 29
1789 547
1789 1731
1789 398
1789 104
1789 476
1789 1565
1789 474
1789 855
1789 735
1789 1056
1974 1365
1974 24
1974 1032
1974 1542
1974 1628
1974 810
127 26
168 26
580 27
293 28
293 98
547 29
906 631
906 29
1536 536
1536 123
1536 29
1536 906
1536 398
1536 313
1536 1064
1536 811
1731 29
1731 969
1966 29
1967 29
1498 30
1027 31
874 32
248 33
305 123
305 33
305 248
424 33
618 109
618 33
1169 150
1169 33
1169 305
1169 655
1169 1154
1601 1219
1601 33
1601 424
1601 655
1601 752
640 34
1583 34
1583 640
843 35
843 124
843 625
231 36
1007 36
1007 726
1320 36
1320 150
2067 36
2068 36
249 37
249 199
393 37
509 37
691 37
691 230
900 37
900 499
929 37
929 393
929 509
929 691
929 59
929 182
929 443
929 357
929 370
929 499
929 589
929 615
929 740
929 741
929 852
1137 37
1137 929
1137 87
1137 379
1137 499
1143 37
1382 37
1382 509
1382 929
1382 499
1484 37
1484 249
1484 929
1484 1137
1484 348
1484 499
1484 1373
1532 37
1532 929
1532 499
467 40
56 41
304 41
304 277
184 42
184 150
234 42
234 191
328 42
996 42
996 652
1015 857
1015 42
1053 42
1096 42
1096 116
1096 117
1096 132
1296 42
1296 420
1296 1072
1296 1019
1457 42
1457 533
1479 42
1479 375
1631 42
1631 1219
1631 472
1746 42
1746 1744
1791 42
1791 1789
1923 42
1923 1366
1955 42
1956 42
1957 42
1958 42
1959 42
1960 42
1961 42
1962 42
1963 42
1964 42
844 319
844 43
1047 43
66 44
1399 506
1399 44
1399 159
1399 650
920 46
920 55
920 205
920 723
920 203
920 183
920 334
784 127
784 48
1429 127
1429 48
1429 784
554 51
643 51
643 554
781 51
781 554
781 643
781 513
977 51
977 554
977 643
977 781
977 641
1098 51
1098 554
1098 781
1098 977
1098 520
1098 491
1388 51
1388 554
1388 643
1388 781
1388 977
1233 52
1233 58
1233 376
1233 746
1233 185
1233 446
1233 776
1233 948
224 54
224 60
224 63
224 107
224 153
224 178
224 204
523 56
523 146
911 56
1398 1126
1398 56
1398 999
665 57
665 568
1165 58
395 61
978 61
586 64
596 64
679 614
679 64
988 64
1248 64
1448 64
1448 1063
1448 1447
1822 64
1213 65
1249 68
1249 1170
1803 68
151 70
668 71
668 182
668 302
668 399
668 626
478 72
814 72
1136 506
1136 72
1534 506
1534 72
1575 506
1575 72
283 150
283 75
283 160
210 76
1676 76
1676 1045
155 77
348 77
622 77
508 78
520 80
520 322
1025 81
1240 81
1128 88
829 89
1570 929
1570 89
1570 1312
1570 589
1570 660
1570 800
162 90
398 90
398 162
398 187
387 91
1275 91
1573 91
1755 91
1756 91
1312 92
1312 517
1312 576
1312 1086
205 93
205 99
205 203
939 94
939 514
1104 1057
1104 94
1104 761
1104 471
1104 718
1104 787
1104 838
1104 1042
308 96
308 281
1123 150
1123 96
1194 96
1203 819
1203 96
1397 96
291 97
1229 293
1229 224
1229 98
1316 293
1316 98
1316 1229
1846 1573
1846 98
1846 986
1846 185
1846 965
1846 306
1846 316
1846 1462
1846 1723
1846 1272
1846 1051
1846 976
1846 1825
1846 1552
1846 1768
245 100
1810 100
1523 101
1523 180
1523 181
246 109
246 102
494 102
676 109
676 102
1685 102
1685 397
1685 408
1685 1379
1685 498
1685 741
1685 1435
2060 102
815 104
815 137
815 382
815 443
391 105
585 105
335 106
238 107
530 107
2023 107
2024 107
418 224
418 108
480 109
531 109
817 109
919 109
1084 109
1117 109
1298 109
1298 233
1418 109
1604 109
1604 1146
1653 109
1653 233
1653 997
1737 109
1738 109
658 110
658 400
2026 111
2026 442
2026 136
991 112
991 576
1095 112
1095 991
1095 247
1095 250
1095 463
1095 835
1095 924
1095 944
1095 971
894 857
894 115
894 434
894 296
409 150
409 116
675 118
1690 119
1660 120
2033 120
2033 1660
638 121
332 122
337 122
416 122
416 337
416 252
416 357
442 122
442 337
442 416
442 375
442 222
716 122
716 510
716 593
253 123
723 123
1714 123
1714 150
1716 123
1717 123
448 124
1092 124
1142 124
1142 448
1142 1092
225 125
535 125
759 125
759 609
1681 125
1681 954
402 126
279 127
1184 127
1184 1027
1184 357
1286 127
1286 1145
1620 127
1620 1286
1701 127
1102 129
292 131
1341 133
1390 134
1390 202
1390 270
1390 965
1390 769
1390 497
1390 1006
1390 483
1390 652
1390 541
1390 960
1390 636
1390 724
1390 1149
1390 1204
1390 1307
1276 135
422 136
1040 136
1040 422
561 137
561 495
561 462
561 464
827 520
827 137
827 381
1030 596
1030 137
1030 522
1311 679
1311 337
1311 442
1311 716
1311 137
1311 593
1134 138
1315 596
1315 138
1315 593
1315 735
1196 139
1395 139
1395 1196
1395 356
1412 140
1281 141
1034 147
1034 274
1034 355
1034 432
1776 148
1777 148
1820 148
1820 1381
1820 1045
1223 149
1223 464
1223 534
164 150
271 150
375 150
376 150
376 185
397 150
397 205
476 150
746 150
746 376
746 185
954 150
954 515
986 150
1063 150
1359 150
1359 398
1359 986
1474 150
1474 596
1474 577
1474 1256
1497 150
1497 1296
1497 535
1497 609
1497 472
1698 150
1698 1219
1698 1143
1698 388
1698 1470
1698 1529
1790 150
1790 1789
1979 150
1980 150
1981 150
1982 150
1983 150
1984 150
1985 150
1228 151
594 152
594 262
594 470
594 411
594 423
1383 154
1383 163
1383 485
1383 1020
1383 1318
1383 1291
625 156
625 513
203 157
203 197
912 158
2090 158
2091 158
881 506
881 161
452 164
199 165
199 174
1260 166
1465 167
1579 172
1579 891
1579 1148
1579 1308
689 176
405 177
910 177
406 179
581 180
1492 184
1492 203
288 185
415 185
496 185
617 185
690 185
777 185
777 768
1226 185
1561 185
1561 662
322 186
322 232
1380 536
1380 187
1380 1268
1415 1233
1415 988
1415 376
1415 746
1415 187
1415 776
1415 650
1415 761
1415 1401
1565 187
1565 948
1565 1401
1565 1334
392 188
484 188
813 188
813 484
1674 188
1674 484
1674 813
1387 190
1262 191
489 192
604 192
525 193
330 194
446 199
446 195
325 196
560 196
739 196
773 196
851 196
889 196
1582 894
1582 1383
1582 604
1582 196
1582 1400
1582 349
1582 1392
1582 732
1582 1362
1582 1150
434 210
434 197
434 323
501 197
1114 198
2042 198
564 199
674 199
892 199
983 199
1441 199
1485 199
802 200
802 791
828 201
943 202
943 820
410 203
426 203
1212 203
1232 203
1241 203
1445 929
1445 920
1445 205
1445 203
1445 471
1445 1197
1490 857
1490 203
1539 520
1539 203
1619 203
315 205
340 205
407 205
500 205
579 205
579 515
693 205
693 515
904 205
1012 205
1054 205
1277 205
1277 465
1277 967
1330 205
1343 205
1343 1306
1343 1006
1639 819
1639 205
557 206
896 206
1031 206
403 208
403 316
394 209
1616 209
491 210
491 476
491 294
1290 210
1626 687
1626 1125
1626 843
1626 210
1626 376
1626 476
1626 746
1626 1036
1626 761
1626 354
1626 948
1626 597
1626 850
1626 1076
1626 1361
383 211
1080 211
1897 1365
1897 211
1897 959
341 213
456 213
529 494
529 213
529 290
529 413
529 475
715 213
1384 213
1089 271
1089 215
298 216
1164 217
1205 218
1160 219
1337 219
1337 1246
975 220
975 607
1769 222
669 223
268 224
297 224
358 224
365 224
377 224
435 224
437 224
439 224
440 224
461 224
548 224
654 224
698 224
700 224
744 224
772 224
776 224
786 224
789 224
806 224
822 224
849 224
860 224
860 583
907 224
982 224
1077 224
1108 224
1151 224
1210 224
1230 224
1295 224
1314 224
1317 224
1329 224
1414 224
1422 224
1438 224
1446 224
1455 224
1475 224
1487 224
1513 224
1526 224
1577 224
1591 224
1663 224
1686 224
285 225
771 225
771 485
1656 225
925 226
553 227
1048 857
1048 227
1048 644
1048 704
973 229
973 661
1509 229
1509 379
879 231
1599 480
1599 817
1599 232
1599 254
1599 272
1599 965
1599 1392
1599 600
1599 634
1599 747
286 233
382 233
382 318
526 233
526 382
645 233
1090 233
1099 233
1170 233
1170 382
1170 748
1170 760
1170 846
1170 882
1742 233
1865 235
1865 1371
1036 236
1036 847
1693 1626
1693 236
1693 1522
1693 399
1693 1408
1693 1172
1704 237
1547 238
1547 611
1615 238
1615 332
1615 1566
2039 238
2039 2023
302 240
989 241
339 242
347 242
1078 243
657 244
657 646
1029 244
571 245
612 245
841 520
841 245
841 347
841 650
1306 245
655 248
655 305
655 424
655 618
1154 248
443 249
957 249
957 778
650 252
1116 256
1116 312
662 257
1589 257
344 258
447 258
639 259
433 260
551 261
1187 332
1187 1030
1187 263
1187 421
1666 1582
1666 263
1666 1391
1244 339
1244 264
883 265
299 266
842 269
1068 269
790 271
1468 920
1468 271
965 272
1333 1007
1333 679
1333 1249
1333 272
1333 965
1333 323
1333 474
1333 863
1141 273
1147 274
1147 821
1147 946
428 275
582 276
582 464
1431 278
295 284
1400 871
1400 286
1400 876
1400 552
1400 641
1400 656
1400 678
1400 933
1400 971
642 289
972 943
972 289
972 820
488 291
1221 292
466 293
722 296
2065 296
1814 298
1814 1762
609 300
624 300
624 609
761 376
761 746
761 301
390 302
647 302
583 303
583 518
2063 303
1347 304
493 306
769 306
706 307
513 308
513 476
1623 308
1623 1392
1623 941
1009 309
1009 487
1464 1000
1464 377
1464 310
1464 349
1750 1418
1750 1738
1750 1561
1750 1656
1750 310
1750 314
1750 473
1750 495
1750 882
1471 1007
1471 311
1471 974
1471 1338
1471 1411
783 316
923 316
360 320
605 320
605 360
707 320
779 320
848 320
921 320
1177 321
384 322
384 336
1987 322
2016 323
2035 323
695 326
942 327
550 328
1442 331
1202 332
1202 336
1235 332
2052 332
805 336
504 337
504 374
510 337
510 416
566 337
593 337
593 442
755 337
755 416
2030 337
2030 416
2030 711
2044 337
2044 755
2045 337
2046 337
2046 2030
1038 339
1783 1534
1783 339
1072 535
1072 343
1072 730
1072 968
1968 1219
1968 343
1969 343
497 344
497 447
473 345
1127 346
1251 346
1251 1115
1251 544
1251 915
751 347
1033 347
1033 582
1033 953
1817 347
470 348
470 423
876 348
876 638
876 650
876 351
876 495
876 584
876 595
1502 348
1502 1392
1502 778
1502 1150
955 349
1450 819
1450 1418
1450 349
1450 1252
1450 1423
839 350
1759 350
1759 1188
1028 352
1629 352
682 353
682 474
663 354
948 761
948 354
2014 1395
2014 355
2014 356
2014 2012
2014 2013
1324 356
2012 356
2013 356
2015 356
577 357
577 515
1256 357
1256 577
1555 357
1667 357
404 358
562 359
1113 360
1113 605
1394 360
1394 605
1394 1113
449 361
947 361
947 449
2054 361
2054 947
1010 363
951 366
2056 366
767 367
1404 368
563 369
1107 371
1287 372
1533 1479
1533 375
1533 406
1533 1430
969 376
969 811
1253 376
1253 746
1253 507
1253 688
1522 376
1522 1415
1522 731
1522 916
1729 1233
1729 376
1729 746
1729 1728
1780 376
1780 746
980 377
1145 843
1145 377
1145 891
1617 1333
1617 378
956 379
1159 379
457 381
952 382
1088 382
1124 382
1167 382
1180 382
1185 382
1224 382
1270 382
1270 1065
1503 382
1584 384
1584 1270
1657 384
1328 385
785 387
1376 387
1376 785
1376 1118
862 392
499 393
2038 395
1155 396
714 547
714 398
950 398
950 594
1952 398
1953 398
1024 658
1024 473
1024 400
705 402
1520 402
1557 402
1557 578
479 403
818 403
831 403
837 403
880 679
880 403
880 542
1353 403
1462 403
1462 1355
1476 403
1512 1390
1512 403
1269 404
598 406
683 409
938 409
999 409
423 411
471 411
1283 413
1585 413
1585 1283
1585 1351
711 416
2018 416
2018 510
2018 578
1379 419
1379 477
1379 1265
745 421
1069 421
629 594
629 423
1321 1233
1321 423
1396 1183
1396 1219
1396 876
1396 423
1396 1273
2011 423
743 424
752 424
752 655
574 425
1564 693
1564 425
1564 1481
559 428
1996 428
799 429
867 429
1199 429
1006 827
1006 431
1006 882
527 436
750 711
750 438
775 442
1600 442
2028 442
495 443
1373 929
1373 443
1602 449
1602 947
1602 1236
462 450
514 450
578 450
1011 450
1528 450
1528 868
1918 450
765 451
937 451
1668 452
1207 453
1525 714
1525 455
1867 462
1873 1791
1873 561
1873 462
1873 868
1873 1402
1238 464
794 465
1122 471
1389 471
1032 472
1381 472
1723 472
1723 1722
1748 472
1748 568
1748 1744
2001 472
2002 472
2003 472
515 473
1197 857
1197 841
1197 473
1197 1044
891 480
1112 480
1633 481
824 486
610 491
1206 491
1309 491
1647 491
1658 491
1460 492
1461 1183
1461 492
949 493
1645 493
1645 1362
1285 1205
1285 495
1285 542
1285 1280
2029 498
2029 1634
1140 929
1140 499
1499 499
1499 568
1499 812
1499 1360
1499 646
652 501
1322 502
798 503
798 575
1058 505
1058 620
1189 505
1189 620
1189 633
756 506
855 506
1569 506
1898 508
709 657
709 510
854 510
854 616
2017 510
2019 510
2019 709
1110 514
696 515
1073 520
1079 857
1079 920
1079 520
1101 520
1432 819
1432 520
1770 520
1771 520
572 521
1409 524
684 662
684 527
1542 527
936 528
936 807
1554 528
1554 936
1554 807
1459 529
1586 529
1586 1336
1115 530
1669 531
1083 535
1650 631
1650 1536
1650 535
1650 759
737 536
788 536
1064 536
1156 536
1156 567
1268 536
1268 1064
1268 1091
1408 536
1408 1125
1408 1233
1408 1036
1408 1156
1408 832
1521 536
1521 1380
1521 1408
1521 1401
1521 847
2031 536
1331 537
1392 538
1339 539
1339 1272
1424 1219
1424 539
1424 1339
1424 540
1424 1271
2069 539
2069 1424
1272 540
1272 1271
2040 614
2040 679
2040 542
2040 887
1559 543
1938 543
623 545
1371 546
1371 694
1371 725
1371 1138
1868 548
1868 1402
833 555
1267 555
1566 555
1691 558
1062 560
1793 1789
1793 561
1879 561
960 563
812 568
1360 568
1360 812
1504 1499
1504 568
1504 812
1504 1360
1749 1738
1749 568
1478 1359
1478 571
1478 570
1478 1146
1598 576
1920 581
1921 581
677 582
2061 582
2062 582
595 584
1808 586
1808 1807
979 587
1728 588
821 590
1545 590
899 594
1234 594
1326 594
1811 601
1680 680
1680 605
1680 1155
1680 745
1680 603
1680 1292
1680 1531
1680 1576
1469 605
646 606
1094 662
1094 608
1977 1974
1977 609
1977 1407
908 611
1026 611
1059 611
1201 611
1550 611
1195 618
1699 1183
1699 680
1699 1359
1699 619
1699 712
1699 768
1946 1736
1946 625
1946 1945
1222 628
1368 628
1368 1222
1688 628
1688 1368
1109 631
1200 631
1252 631
1259 631
1407 631
1407 759
1477 631
1517 631
1517 1296
1517 1087
1517 1179
1567 631
727 632
914 638
922 638
1292 638
1292 778
1505 638
1664 638
1002 639
1530 639
801 646
1293 648
1293 784
1574 648
1161 649
1190 649
1190 1161
1190 728
1636 650
1081 651
1181 651
826 652
1612 652
1823 655
1823 1011
1643 658
717 659
1514 660
1348 827
1348 662
1348 1188
1348 1334
1175 664
1175 1120
1175 868
749 667
932 668
1016 668
1017 668
1021 668
1021 1010
1192 668
1354 671
1354 1301
1004 673
1436 680
1581 680
1581 1464
1581 757
1071 681
1439 682
1439 1121
1439 1294
1866 682
1481 693
1045 695
1045 757
1045 992
875 697
1494 871
1494 699
2096 702
770 703
1305 708
853 710
725 719
1427 720
1427 736
1428 720
1075 722
1342 722
1342 897
884 729
791 733
1627 734
1130 735
1130 945
1401 1365
1401 735
808 736
830 738
1610 738
1610 1013
1618 1154
1618 738
1618 895
953 744
953 822
1193 745
1597 745
2075 745
2076 745
1263 749
1363 751
2022 752
1467 754
1467 1153
1496 759
1527 761
1732 761
803 763
2064 1025
2064 764
1120 765
1549 765
1628 1183
1628 841
1628 769
1628 1499
1628 915
1372 771
2070 777
2071 777
2072 777
1003 780
1702 784
1703 784
1118 785
2073 790
1634 791
1335 792
928 793
2105 794
1763 799
1022 802
1995 802
1300 804
1014 810
2037 810
2049 1977
2049 811
886 815
959 815
1085 815
1369 815
1369 859
1369 941
1832 815
1833 815
1834 815
1835 815
1070 819
1106 819
1119 819
1191 819
1242 819
1247 819
1391 819
1563 819
1578 819
1595 857
1595 819
1595 1312
1595 991
1595 1095
1157 822
1157 836
1419 824
1419 966
1258 827
1603 827
1603 1348
1056 830
1278 834
1828 834
1829 834
1830 834
1831 834
1158 836
1174 836
1655 841
1097 844
1925 1154
1925 846
1925 1725
1254 854
1358 855
1188 857
1188 1104
1346 857
1362 857
1362 992
1488 857
1082 858
941 859
927 861
1121 866
1452 873
1696 877
1052 883
1280 885
903 888
1437 889
1437 888
1385 890
1385 1100
1553 1154
1553 895
1051 898
1590 900
1433 903
1433 1215
1046 920
1325 920
1480 920
1214 926
1349 929
1443 929
1508 929
1659 929
1772 942
1772 984
1171 943
1440 943
1105 945
1560 945
1537 946
2032 951
1178 953
1282 955
1518 958
1665 961
981 962
2077 978
1039 980
1043 985
1261 985
1375 986
1168 991
1211 991
1211 1095
1611 991
1611 1095
1614 996
1726 997
1727 997
1176 1004
1336 1006
1662 1006
1654 1007
1288 1009
1302 1009
1313 1009
1393 1009
1370 1016
1303 1018
2043 1021
1318 1030
1319 1030
1355 1034
1454 1147
1454 1045
1874 1873
1874 1045
1886 1045
1887 1045
1888 1045
1889 1045
1890 1045
1891 1045
1892 1045
1893 1045
1894 1045
1895 1045
1896 1045
1220 1049
1482 1050
1482 1067
1152 1055
1366 1055
1366 1152
1515 1055
1515 1152
1237 1060
2055 1061
1694 1071
1139 1072
1257 1095
1186 1104
1266 1104
1225 1115
2078 1116
1760 1121
1761 1121
1209 1126
1682 1127
1682 1371
1562 1133
1491 1219
1491 1333
1491 1135
1491 1162
1535 1144
1588 1365
1588 1145
1825 1219
1825 1145
1826 1145
1827 1145
1905 1157
1905 1220
1675 1170
1678 1170
1402 1180
1402 1334
1711 1180
1712 1180
1713 1180
1493 1181
1592 1182
1245 1183
1304 1183
1762 1185
1757 1188
1758 1188
1208 1198
1552 1219
1552 1333
1988 1219
2074 1219
1466 1223
2051 1223
1558 1226
2066 1226
1794 1789
1794 1233
2007 1233
1651 1250
1425 1253
1456 1277
1630 1279
1507 1281
1357 1289
1901 1811
1901 1294
1901 1495
1901 1899
1453 1296
1689 1297
1451 1309
1451 1410
1862 1309
1862 1542
1862 1792
1970 1341
1350 1345
1364 1345
1367 1350
1374 1354
1378 1354
1386 1362
1413 1362
2004 1364
1740 1366
1978 1380
1458 1390
1613 1390
1638 1390
1671 1390
1684 1392
1936 1402
1936 1875
1986 1402
1719 1415
1722 1716
1722 1415
1722 1538
1625 1426
1519 1464
1486 1472
1568 1499
1524 1506
2041 1515
1824 1536
1652 1543
2008 1547
2009 1548
1609 1551
1947 1557
1948 1557
1870 1586
1632 1588
1917 1588
1672 1593
1641 1599
1766 1615
2057 1615
2058 1615
1745 1623
1745 1744
1919 1623
1720 1626
1721 1626
2006 1631
2006 1960
1819 1635
1673 1666
1707 1706
1708 1706
1709 1706
1724 1722
1725 1722
1730 1728
1747 1744
1922 1745
1751 1750
1752 1750
1753 1750
1997 1753
1781 1754
1764 1763
1765 1763
1774 1773
1784 1783
1785 1783
1786 1783
1787 1783
1792 1789
1795 1789
1796 1789
1797 1789
1798 1789
1807 1793
1809 1807
1815 1814
1816 1814
1818 1817
1821 1820
2053 1832
1844 1843
1847 1846
1848 1846
1849 1846
1850 1846
1851 1846
1852 1846
1853 1846
1854 1846
1859 1858
1863 1862
2050 1865
1869 1868
1871 1868
1872 1868
1875 1873
1876 1873
1902 1901
1903 1901
1906 1905
1907 1905
1908 1905
1909 1905
1910 1905
1911 1905
1912 1905
1913 1905
1914 1905
1915 1905
1916 1905
1971 1919
1972 1919
1973 1919
1926 1925
1927 1925
1928 1925
1929 1925
1930 1925
1931 1925
1932 1925
1933 1925
1937 1936
1943 1942
1944 1942
1949 1946
1949 1948
1965 1946
1975 1974
1976 1974
2095 1977
2103 1985
2084 1998
2000 1999
2036 2014
2021 2020
2027 2026
2048 2047
2079 2060
2094 2075
2085 2078
2081 2080
2082 2081
2087 2086
2093 2092
2097 2094
2098 2094
2100 2099
2102 2101
2107 2106
2109 2108
2112 2111
